  -179.9    42.4
  -179.8    42.5
  -179.8    42.4
  -179.6    42.6
  -179.6    41.3
  -179.4    42.6
  -179.3    42.5
  -179.2    42.5
  -179.1    42.6
  -179.1    42.6
  -178.9    42.6
  -178.8    42.6
  -178.8    42.5
  -178.6    42.5
  -178.6    42.6
  -178.4    42.3
  -178.3    42.5
  -178.2    42.7
  -178.1    42.6
  -178.1    42.6
  -177.9    42.6
  -177.8    42.4
  -177.8    42.6
  -177.6    42.6
  -177.6    42.6
  -177.4    42.4
  -177.3    42.3
  -177.2    42.3
  -177.1    42.3
  -177.1    42.3
  -176.9    42.3
  -176.8    42.3
  -176.8    42.0
  -176.6    41.9
  -176.6    41.7
  -176.4    41.5
  -176.3    41.5
  -176.2    41.0
  -176.1    41.0
  -176.1    41.0
  -175.9    41.0
  -175.8    41.0
  -175.8    40.9
  -175.6    40.9
  -175.6    40.9
  -175.4    40.9
  -175.3    40.9
  -175.2    40.9
  -175.1    40.9
  -175.1    40.9
  -174.9    40.9
  -174.8    40.9
  -174.8    40.9
  -174.6    40.9
  -174.6    40.9
  -174.4    40.9
  -174.3    40.9
  -174.2    41.0
  -174.1    41.1
  -174.1    41.2
  -173.9    41.2
  -173.8    41.3
  -173.8    41.3
  -173.6    41.3
  -173.6    41.5
  -173.4    41.5
  -173.3    41.5
  -173.2    41.5
  -173.1    41.5
  -173.1    41.5
  -172.9    41.5
  -172.8    41.5
  -172.8    41.5
  -172.6    41.5
  -172.6    41.5
  -172.4    41.5
  -172.3    41.5
  -172.2    41.5
  -172.1    41.5
  -172.1    41.5
  -171.9    41.5
  -171.8    41.5
  -171.8    41.5
  -171.6    41.5
  -171.6    41.5
  -171.4    41.5
  -171.3    41.5
  -171.2    41.5
  -171.1    41.5
  -171.1    41.5
  -170.9    41.5
  -170.8    41.4
  -170.8    41.4
  -170.6    41.4
  -170.6    41.4
  -170.4    41.4
  -170.3    41.4
  -170.2    41.4
  -170.1    41.4
  -170.1    41.4
  -169.9    41.4
  -169.8    41.4
  -169.8    41.4
  -169.6    41.4
  -169.6    41.4
  -169.4    41.4
  -169.3    41.4
  -169.2    41.4
  -169.1    41.4
  -169.1    41.4
  -168.9    41.4
  -168.8    41.3
  -168.8    41.3
  -168.6    41.3
  -168.6    41.3
  -168.4    41.3
  -168.3    41.3
  -168.2    41.3
  -168.1    41.3
  -168.1    41.3
  -167.9    41.3
  -167.8    41.2
  -167.8    41.2
  -167.6    41.2
  -167.6    41.2
  -167.4    41.2
  -167.3    41.2
  -167.2    41.2
  -167.1    41.2
  -167.1    41.2
  -166.9    41.2
  -166.8    41.2
  -166.8    41.2
  -166.6    41.2
  -166.6    41.2
  -166.4    41.2
  -166.3    41.3
  -166.2    41.3
  -166.1    41.3
  -166.1    41.3
  -165.9    41.3
  -165.8    41.3
  -165.8    41.3
  -165.6    41.3
  -165.6    41.3
  -165.4    41.3
  -165.3    41.3
  -165.2    41.3
  -165.1    41.3
  -165.1    41.3
  -164.9    41.3
  -164.8    41.3
  -164.8    41.3
  -164.6    41.3
  -164.6    41.3
  -164.4    41.3
  -164.3    41.3
  -164.2    41.3
  -164.1    41.3
  -164.1    41.3
  -163.9    41.3
  -163.8    41.4
  -163.8    41.4
  -163.6    41.4
  -163.6    41.4
  -163.4    41.4
  -163.3    41.4
  -163.2    41.4
  -163.1    41.5
  -163.1    41.5
  -162.9    41.5
  -162.8    41.5
  -162.8    41.5
  -162.6    41.5
  -162.6    41.5
  -162.4    41.6
  -162.3    41.6
  -162.2    41.6
  -162.1    41.7
  -162.1    41.7
  -161.9    41.7
  -161.8    41.7
  -161.8    41.7
  -161.6    41.7
  -161.6    41.7
  -161.4    41.7
  -161.3    41.8
  -161.2    41.8
  -161.1    41.8
  -161.1    41.8
  -160.9    41.8
  -160.8    41.9
  -160.8    41.9
  -160.6    41.9
  -160.6    41.9
  -160.4    41.9
  -160.3    41.9
  -160.2    41.9
  -160.1    41.9
  -160.1    41.9
  -159.9    41.9
  -159.8    41.9
  -159.8    41.9
  -159.6    41.9
  -159.6    41.9
  -159.4    41.9
  -159.3    41.9
  -159.2    42.0
  -159.1    42.0
  -159.1    42.0
  -158.9    42.0
  -158.8    42.0
  -158.8    42.0
  -158.6    42.0
  -158.6    42.0
  -158.4    42.0
  -158.3    42.0
  -158.2    42.0
  -158.1    42.0
  -158.1    42.0
  -157.9    42.0
  -157.8    42.0
  -157.8    42.0
  -157.6    42.0
  -157.6    42.0
  -157.4    42.0
  -157.3    42.0
  -157.2    42.0
  -157.1    42.0
  -157.1    41.9
  -156.9    41.9
  -156.8    41.9
  -156.8    41.9
  -156.6    41.9
  -156.6    41.8
  -156.4    41.8
  -156.3    41.8
  -156.2    41.8
  -156.1    41.8
  -156.1    41.8
  -155.9    41.8
  -155.8    41.7
  -155.8    41.7
  -155.6    41.7
  -155.6    41.7
  -155.4    41.7
  -155.3    41.7
  -155.2    41.7
  -155.1    41.7
  -155.1    41.7
  -154.9    41.7
  -154.8    41.6
  -154.8    41.6
  -154.6    41.6
  -154.6    41.6
  -154.4    41.6
  -154.3    41.6
  -154.2    41.6
  -154.1    41.6
  -154.1    41.6
  -153.9    41.6
  -153.8    41.6
  -153.8    41.6
  -153.6    41.6
  -153.6    41.6
  -153.4    41.6
  -153.3    41.6
  -153.2    41.6
  -153.1    41.6
  -153.1    41.6
  -152.9    41.6
  -152.8    41.6
  -152.8    41.6
  -152.6    41.6
  -152.6    41.6
  -152.4    41.6
  -152.3    41.6
  -152.2    41.6
  -152.1    41.6
  -152.1    41.6
  -151.9    41.6
  -151.8    41.6
  -151.8    41.6
  -151.6    41.6
  -151.6    41.6
  -151.4    41.7
  -151.3    41.7
  -151.2    41.7
  -151.1    41.8
  -151.1    41.8
  -150.9    41.8
  -150.8    41.8
  -150.8    41.8
  -150.6    41.9
  -150.6    41.9
  -150.4    41.9
  -150.3    41.9
  -150.2    41.9
  -150.1    41.9
  -150.1    41.9
  -149.9    41.9
  -149.8    42.0
  -149.8    42.0
  -149.6    42.0
  -149.6    42.0
  -149.4    42.0
  -149.3    42.0
  -149.2    42.0
  -149.1    42.0
  -149.1    42.0
  -148.9    42.0
  -148.8    42.0
  -148.8    42.0
  -148.6    42.1
  -148.6    42.1
  -148.4    42.1
  -148.3    42.1
  -148.2    42.1
  -148.1    42.1
  -148.1    42.1
  -147.9    42.1
  -147.8    42.1
  -147.8    42.1
  -147.6    42.1
  -147.6    42.1
  -147.4    42.1
  -147.3    42.1
  -147.2    42.1
  -147.1    42.1
  -147.1    42.1
  -146.9    42.1
  -146.8    42.1
  -146.8    42.1
  -146.6    42.1
  -146.6    42.1
  -146.4    42.1
  -146.3    42.1
  -146.2    42.0
  -146.1    42.0
  -146.1    42.0
  -145.9    42.0
  -145.8    42.0
  -145.8    42.0
  -145.6    42.1
  -145.6    42.1
  -145.4    42.1
  -145.3    42.1
  -145.2    42.1
  -145.1    42.1
  -145.1    42.1
  -144.9    42.1
  -144.8    42.1
  -144.8    42.1
  -144.6    42.1
  -144.6    42.1
  -144.4    42.1
  -144.3    42.1
  -144.2    42.1
  -144.1    42.1
  -144.1    42.1
  -143.9    42.1
  -143.8    42.1
  -143.8    42.1
  -143.6    42.0
  -143.6    42.0
  -143.4    42.0
  -143.3    42.0
  -143.2    42.0
  -143.1    42.0
  -143.1    41.9
  -142.9    41.9
  -142.8    41.9
  -142.8    41.9
  -142.6    41.9
  -142.6    41.9
  -142.4    41.9
  -142.3    41.9
  -142.2    41.9
  -142.1    41.9
  -142.1    41.9
  -141.9    41.9
  -141.8    41.9
  -141.8    41.9
  -141.6    42.0
  -141.6    42.0
  -141.4    42.0
  -141.3    42.0
  -141.2    42.0
  -141.1    42.0
  -141.1    42.0
  -140.9    42.0
  -140.8    42.0
  -140.8    42.0
  -140.6    42.0
  -140.6    42.0
  -140.4    42.0
  -140.3    41.9
  -140.2    41.7
  -140.1    41.7
  -140.1    41.7
  -139.9    41.7
  -139.8    41.7
  -139.8    41.7
  -139.6    41.6
  -139.6    41.6
  -139.4    41.6
  -139.3    41.6
  -139.2    41.6
  -139.1    41.6
  -139.1    41.6
  -138.9    41.6
  -138.8    41.6
  -138.8    41.6
  -138.6    41.6
  -138.6    41.6
  -138.4    41.6
  -138.3    41.6
  -138.2    41.6
  -138.1    41.6
  -138.1    41.6
  -137.9    41.7
  -137.8    41.9
  -137.8    41.9
  -137.6    41.9
  -137.6    41.9
  -137.4    41.9
  -137.3    41.9
  -137.2    41.9
  -137.1    41.9
  -137.1    41.9
  -136.9    41.8
  -136.8    41.7
  -136.8    41.8
  -136.6    41.7
  -136.6    41.7
  -136.4    41.7
  -136.3    41.7
  -136.2    41.7
  -136.1    41.7
  -136.1    41.7
  -135.9    41.7
  -135.8    41.7
  -135.8    41.7
  -135.6    41.7
  -135.6    41.7
  -135.4    41.7
  -135.3    41.7
  -135.2    41.7
  -135.1    41.7
  -135.1    41.7
  -134.9    41.7
  -134.8    41.7
  -134.8    41.7
  -134.6    41.7
  -134.6    41.7
  -134.4    41.7
  -134.3    41.7
  -134.2    41.7
  -134.1    41.7
  -134.1    41.7
  -133.9    41.7
  -133.8    41.7
  -133.8    41.7
  -133.6    41.7
  -133.6    41.6
  -133.4    41.5
  -133.3    41.5
  -133.2    41.5
  -133.1    41.5
  -133.1    41.5
  -132.9    41.4
  -132.8    41.3
  -132.8    41.2
  -132.6    41.1
  -132.6    41.0
  -132.4    41.0
  -132.3    40.9
  -132.2    40.5
  -132.1    40.5
  -132.1    40.4
  -131.9    40.2
  -131.8    40.0
  -131.8    39.9
  -131.6    39.8
  -131.6    39.8
  -131.4    39.7
  -131.3    39.7
  -131.2    39.7
  -131.1    39.6
  -131.1    39.6
  -130.9    39.5
  -130.8    39.5
  -130.8    39.5
  -130.6    39.0
  -130.6    39.0
  -130.4    39.0
  -130.3    38.8
  -130.2    38.7
  -130.1    38.6
  -130.1    38.6
  -129.9    38.6
  -129.8    38.6
  -129.8    38.5
  -129.6    38.5
  -129.6    38.5
  -129.4    38.5
  -129.3    38.4
  -129.2    38.4
  -129.1    38.4
  -129.1    38.4
  -128.9    38.3
  -128.8    38.3
  -128.8    38.3
  -128.6    38.0
  -128.6    38.0
  -128.4    37.8
  -128.3    37.5
  -128.2    37.5
  -128.1    37.5
  -128.1    37.1
  -127.9    37.1
  -127.8    37.0
  -127.8    36.9
  -127.6    36.8
  -127.5    36.7
  -127.4    36.7
  -127.3    36.7
  -127.2    36.5
  -127.1    36.5
  -127.0    36.5
  -126.9    36.5
  -126.8    36.5
  -126.8    36.5
  -126.6    36.5
  -126.5    36.5
  -126.4    36.5
  -126.3    36.5
  -126.2    36.5
  -126.1    36.5
  -126.0    36.5
  -125.9    36.5
  -125.8    36.5
  -125.8    36.5
  -125.6    36.5
  -125.5    36.5
  -125.4    36.5
  -125.3    36.5
  -125.2    36.5
  -124.8    36.5
   -75.2    36.5
   -75.1    36.5
   -75.0    36.5
   -74.9    36.5
   -74.8    36.5
   -74.7    36.5
   -74.6    36.7
   -74.5    37.0
   -74.4    37.1
   -74.3    37.4
   -74.2    37.6
   -74.1    37.6
   -74.0    37.8
   -73.9    37.9
   -73.8    38.0
   -73.7    38.1
   -73.6    38.2
   -73.5    38.4
   -73.4    38.4
   -73.3    38.5
   -73.2    38.5
   -73.1    38.5
   -73.0    38.7
   -72.9    38.7
   -72.8    38.8
   -72.7    39.0
   -72.6    39.0
   -72.5    39.0
   -72.4    39.1
   -72.3    39.1
   -72.2    39.4
   -72.1    39.4
   -72.0    39.5
   -71.9    39.5
   -71.8    39.7
   -71.7    39.7
   -71.6    39.8
   -71.5    39.8
   -71.4    39.8
   -71.3    39.8
   -71.2    39.8
   -71.1    39.8
   -71.0    39.9
   -70.9    39.9
   -70.8    39.9
   -70.7    39.9
   -70.6    39.9
   -70.5    39.9
   -70.4    39.9
   -70.3    39.9
   -70.2    39.9
   -70.1    39.9
   -70.0    39.9
   -69.9    39.9
   -69.8    39.9
   -69.7    39.9
   -69.6    39.9
   -69.5    39.9
   -69.4    39.9
   -69.3    39.9
   -69.2    40.0
   -69.1    40.0
   -69.0    40.0
   -68.9    40.0
   -68.8    40.0
   -68.7    40.0
   -68.6    40.0
   -68.5    40.1
   -68.4    40.1
   -68.3    40.1
   -68.2    40.1
   -68.1    40.2
   -68.0    40.2
   -67.9    40.2
   -67.8    40.2
   -67.7    40.3
   -67.6    40.3
   -67.5    40.3
   -67.4    40.3
   -67.3    40.4
   -67.2    40.4
   -67.1    40.4
   -67.0    40.5
   -66.9    40.5
   -66.8    40.5
   -66.7    40.7
   -66.6    40.7
   -66.5    40.9
   -66.4    41.0
   -66.3    41.0
   -66.2    41.1
   -66.1    41.2
   -66.0    41.4
   -65.9    41.5
   -65.8    41.5
   -65.7    41.8
   -65.6    41.8
   -65.5    42.0
   -65.4    42.0
   -65.3    42.0
   -65.2    42.0
   -65.1    42.0
   -65.0    42.0
   -64.9    42.0
   -64.8    42.1
   -64.7    42.1
   -64.6    42.1
   -64.5    42.1
   -64.4    42.2
   -64.3    42.3
   -64.2    42.5
   -64.1    42.6
   -64.0    42.6
   -64.0    42.6
   -63.9    42.6
   -63.7    42.6
   -63.6    42.6
   -63.5    42.6
   -63.5    42.6
   -63.4    42.7
   -63.2    42.7
   -63.1    42.7
   -63.0    42.7
   -63.0    42.7
   -62.9    42.7
   -62.7    42.7
   -62.6    42.7
   -62.5    42.7
   -62.5    42.7
   -62.4    42.7
   -62.2    42.8
   -62.1    42.8
   -62.0    42.8
   -62.0    42.8
   -61.9    42.8
   -61.7    42.8
   -61.6    42.8
   -61.5    42.8
   -61.5    42.9
   -61.4    42.9
   -61.2    42.9
   -61.1    42.9
   -61.0    42.9
   -61.0    42.9
   -60.9    43.0
   -60.7    43.0
   -60.6    43.0
   -60.5    43.0
   -60.5    43.0
   -60.4    43.0
   -60.2    43.0
   -60.1    43.0
   -60.0    43.0
   -60.0    43.0
   -59.9    43.0
   -59.7    43.0
   -59.6    43.0
   -59.5    43.0
   -59.5    43.0
   -59.4    43.0
   -59.2    43.0
   -59.1    43.0
   -59.0    43.0
   -59.0    43.1
   -58.9    43.1
   -58.7    43.1
   -58.6    43.1
   -58.5    43.1
   -58.5    43.1
   -58.4    43.1
   -58.2    43.1
   -58.1    43.1
   -58.0    43.1
   -58.0    43.1
   -57.9    43.1
   -57.7    43.1
   -57.6    43.3
   -57.5    43.5
   -57.5    43.5
   -57.4    43.5
   -57.2    43.6
   -57.1    43.6
   -57.0    43.6
   -57.0    43.6
   -56.9    43.6
   -56.7    43.7
   -56.6    43.7
   -56.5    43.7
   -56.5    43.7
   -56.4    43.7
   -56.2    43.7
   -56.1    43.7
   -56.0    43.8
   -56.0    43.8
   -55.9    43.8
   -55.7    43.8
   -55.6    43.9
   -55.5    43.9
   -55.5    43.9
   -55.4    43.9
   -55.2    43.9
   -55.1    43.9
   -55.0    43.9
   -55.0    43.9
   -54.9    43.9
   -54.7    43.9
   -54.6    43.9
   -54.5    43.9
   -54.5    43.9
   -54.4    43.9
   -54.2    43.9
   -54.1    43.9
   -54.0    43.9
   -54.0    43.8
   -53.9    43.8
   -53.7    43.8
   -53.6    43.8
   -53.5    43.8
   -53.5    43.8
   -53.4    43.8
   -53.2    43.8
   -53.1    43.8
   -53.0    43.8
   -53.0    43.8
   -52.9    43.7
   -52.7    43.7
   -52.6    43.6
   -52.5    43.5
   -52.5    43.5
   -52.4    43.5
   -52.2    43.5
   -52.1    43.4
   -52.0    43.4
   -52.0    43.3
   -51.8    43.2
   -51.8    43.1
   -51.6    43.0
   -51.5    43.0
   -51.5    43.0
   -51.3    43.0
   -51.3    43.0
   -51.1    43.0
   -51.0    43.0
   -51.0    43.0
   -50.8    43.0
   -50.8    43.0
   -50.6    43.0
   -50.5    43.0
   -50.5    43.0
   -50.3    43.0
   -50.3    43.0
   -50.1    43.0
   -50.0    43.0
   -50.0    43.0
   -49.8    43.0
   -49.8    43.0
   -49.6    43.0
   -49.5    43.0
   -49.5    43.0
   -49.3    43.0
   -49.3    43.0
   -49.1    43.0
   -49.0    43.0
   -49.0    43.0
   -48.8    43.0
   -48.8    43.0
   -48.6    43.0
   -48.5    43.0
   -48.5    43.0
   -48.3    43.0
   -48.3    43.1
   -48.1    43.2
   -48.0    43.3
   -48.0    43.3
   -47.8    43.3
   -47.8    43.3
   -47.6    43.4
   -47.5    43.4
   -47.5    43.5
   -47.3    43.5
   -47.3    43.6
   -47.1    43.7
   -47.0    43.7
   -47.0    43.8
   -46.8    44.0
   -46.8    44.0
   -46.6    44.1
   -46.5    44.3
   -46.5    44.4
   -46.3    44.4
   -46.3    44.5
   -46.1    44.5
   -46.0    44.5
   -46.0    44.5
   -45.8    44.6
   -45.8    45.0
   -45.6    45.0
   -45.5    45.0
   -45.5    45.0
   -45.3    45.0
   -45.3    45.1
   -45.1    45.2
   -45.0    45.2
   -45.0    45.3
   -44.8    45.3
   -44.8    45.4
   -44.6    45.7
   -44.5    45.8
   -44.5    45.9
   -44.3    45.9
   -44.3    46.0
   -44.1    46.0
   -44.0    46.1
   -44.0    46.1
   -43.8    46.1
   -43.8    46.2
   -43.6    46.2
   -43.5    46.3
   -43.5    46.3
   -43.3    46.3
   -43.3    46.3
   -43.1    46.4
   -43.0    46.4
   -43.0    46.5
   -42.8    46.5
   -42.8    46.5
   -42.6    46.6
   -42.5    46.6
   -42.5    48.3
   -42.3    48.4
   -42.3    48.4
   -42.1    48.5
   -42.0    48.5
   -42.0    48.5
   -41.8    48.8
   -41.8    48.9
   -41.6    48.9
   -41.5    48.9
   -41.5    49.0
   -41.3    49.0
   -41.3    49.0
   -41.1    49.0
   -41.0    49.0
   -41.0    49.0
   -40.8    49.0
   -40.8    49.1
   -40.6    49.1
   -40.5    49.1
   -40.5    49.1
   -40.3    49.2
   -40.3    49.2
   -40.1    49.2
   -40.0    49.2
   -40.0    49.2
   -39.8    49.2
   -39.8    49.2
   -39.6    49.2
   -39.5    49.2
   -39.5    49.2
   -39.3    49.2
   -39.3    49.2
   -39.1    49.2
   -39.0    49.2
   -39.0    49.2
   -38.8    49.1
   -38.8    49.1
   -38.6    49.1
   -38.5    49.1
   -38.5    49.0
   -38.3    49.0
   -38.3    49.0
   -38.1    49.0
   -38.0    49.0
   -38.0    49.0
   -37.8    48.9
   -37.8    48.9
   -37.6    48.9
   -37.5    48.9
   -37.5    48.9
   -37.3    48.8
   -37.3    48.8
   -37.1    48.8
   -37.0    48.8
   -37.0    48.8
   -36.8    48.8
   -36.8    48.7
   -36.6    48.6
   -36.5    48.6
   -36.5    48.6
   -36.3    48.6
   -36.3    48.5
   -36.1    47.5
   -36.0    47.4
   -36.0    47.4
   -35.8    47.4
   -35.8    47.4
   -35.6    47.4
   -35.5    47.4
   -35.5    47.4
   -35.3    47.4
   -35.3    47.4
   -35.1    47.4
   -35.0    47.4
   -35.0    47.4
   -34.8    47.4
   -34.8    47.4
   -34.6    47.4
   -34.5    47.4
   -34.5    47.4
   -34.3    47.4
   -34.3    47.3
   -34.1    47.2
   -34.0    47.2
   -34.0    47.2
   -33.8    47.1
   -33.8    47.1
   -33.6    47.1
   -33.5    47.1
   -33.5    47.0
   -33.3    47.0
   -33.3    47.0
   -33.1    47.0
   -33.0    47.0
   -33.0    47.0
   -32.8    47.0
   -32.8    47.0
   -32.6    47.0
   -32.5    47.0
   -32.5    47.0
   -32.3    47.0
   -32.3    47.0
   -32.1    47.0
   -32.0    47.0
   -32.0    47.0
   -31.8    47.0
   -31.8    47.0
   -31.6    47.0
   -31.5    47.0
   -31.5    47.0
   -31.3    47.0
   -31.3    47.0
   -31.1    47.0
   -31.0    47.0
   -31.0    47.0
   -30.8    47.0
   -30.8    47.0
   -30.6    47.0
   -30.5    47.0
   -30.5    47.0
   -30.3    47.0
   -30.3    47.0
   -30.1    47.0
   -30.0    47.0
   -30.0    47.0
   -29.8    46.9
   -29.8    46.9
   -29.6    46.9
   -29.5    46.9
   -29.5    46.9
   -29.3    46.9
   -29.3    46.9
   -29.1    46.9
   -29.0    46.8
   -29.0    46.8
   -28.8    46.8
   -28.8    46.8
   -28.6    46.8
   -28.5    46.8
   -28.5    46.8
   -28.3    46.8
   -28.3    46.8
   -28.1    46.8
   -28.0    46.8
   -28.0    46.8
   -27.8    46.7
   -27.8    46.7
   -27.6    46.7
   -27.5    46.7
   -27.5    46.6
   -27.3    46.6
   -27.3    46.5
   -27.1    46.5
   -27.0    46.5
   -27.0    46.5
   -26.8    46.5
   -26.8    46.5
   -26.6    46.5
   -26.5    46.5
   -26.5    46.4
   -26.3    46.4
   -26.3    46.3
   -26.1    46.3
   -26.0    46.3
   -26.0    46.3
   -25.8    46.3
   -25.8    46.3
   -25.6    46.3
   -25.5    46.3
   -25.5    46.3
   -25.3    46.3
   -25.3    46.3
   -25.1    46.3
   -25.0    46.3
   -25.0    46.3
   -24.8    46.3
   -24.8    46.3
   -24.6    46.3
   -24.5    46.3
   -24.5    46.3
   -24.3    46.3
   -24.3    46.3
   -24.1    46.3
   -24.0    46.3
   -24.0    46.3
   -23.8    46.3
   -23.8    46.3
   -23.6    46.3
   -23.5    46.3
   -23.5    46.3
   -23.3    46.3
   -23.3    46.3
   -23.1    46.3
   -23.0    46.3
   -23.0    46.3
   -22.8    46.3
   -22.8    46.3
   -22.6    46.3
   -22.5    46.4
   -22.5    46.5
   -22.3    46.5
   -22.3    46.5
   -22.1    46.5
   -22.0    46.5
   -22.0    46.5
   -21.8    46.5
   -21.8    46.7
   -21.6    46.8
   -21.5    46.8
   -21.5    46.8
   -21.3    46.8
   -21.3    46.8
   -21.1    46.8
   -21.0    46.8
   -21.0    46.8
   -20.8    46.8
   -20.8    46.8
   -20.6    46.8
   -20.5    46.8
   -20.5    46.8
   -20.3    46.8
   -20.3    46.9
   -20.1    46.9
   -20.0    46.9
   -20.0    46.9
   -19.8    46.9
   -19.8    46.9
   -19.6    46.9
   -19.5    46.9
   -19.5    46.9
   -19.3    46.9
   -19.3    46.9
   -19.1    46.9
   -19.0    46.8
   -19.0    46.8
   -18.8    46.8
   -18.8    46.8
   -18.6    46.8
   -18.5    46.8
   -18.5    46.8
   -18.3    46.8
   -18.3    46.8
   -18.1    46.8
   -18.0    46.8
   -18.0    46.8
   -17.8    46.8
   -17.8    46.8
   -17.6    46.8
   -17.5    46.8
   -17.5    46.8
   -17.3    46.8
   -17.3    46.8
   -17.1    46.7
   -17.0    46.7
   -17.0    46.7
   -16.8    46.7
   -16.8    46.7
   -16.6    46.7
   -16.5    46.7
   -16.5    46.7
   -16.3    46.6
   -16.3    46.5
   -16.1    46.5
   -16.0    46.5
   -15.9    46.5
   -15.8    46.5
   -15.8    46.5
   -15.6    46.4
   -15.5    46.3
   -15.4    46.2
   -15.3    46.2
   -15.3    46.1
   -15.1    46.1
   -15.0    46.1
   -14.9    46.1
   -14.8    46.1
   -14.8    46.1
   -14.6    46.0
   -14.5    46.0
   -14.4    46.1
   -14.3    46.1
   -14.3    46.1
   -14.1    46.0
   -14.0    46.0
   -13.9    46.0
   -13.8    46.0
   -13.8    46.0
   -13.6    46.0
   -13.5    46.0
   -13.4    46.0
   -13.3    46.0
   -13.3    46.0
   -13.1    46.0
   -13.0    46.0
   -12.9    46.0
   -12.8    46.0
   -12.8    46.0
   -12.6    46.1
   -12.5    46.1
   -12.4    46.1
   -12.3    46.1
   -12.3    46.3
   -12.1    46.3
   -12.0    46.3
   -11.9    46.3
   -11.8    46.3
   -11.8    46.3
   -11.6    46.4
   -11.5    46.4
   -11.4    46.4
   -11.3    46.4
   -11.3    46.4
   -11.1    46.4
   -11.0    46.4
   -10.9    46.5
   -10.8    46.5
   -10.8    46.5
   -10.6    46.5
   -10.5    46.6
   -10.4    46.6
   -10.3    46.6
   -10.3    46.6
   -10.1    46.6
   -10.0    46.6
    -9.9    46.6
    -9.8    46.7
    -9.8    46.7
    -9.6    46.7
    -9.5    46.7
    -9.4    46.6
    -9.3    46.6
    -9.3    46.5
    -9.1    46.5
    -9.0    46.5
    -8.9    46.6
    -8.8    46.7
    -8.8    46.7
    -8.6    46.7
    -8.5    46.8
    -8.4    46.8
    -8.3    46.8
    -8.3    46.8
    -8.1    46.8
    -8.0    46.8
    -7.9    46.8
    -7.8    46.8
    -7.8    46.8
    -7.6    46.8
    -7.5    46.8
    -7.4    46.8
    -7.3    46.7
    -7.3    46.7
    -7.1    46.6
    -7.0    46.6
    -6.9    46.6
    -6.8    46.6
    -6.8    46.6
    -6.6    46.5
    -6.5    46.5
    -6.4    46.5
    -6.3    46.5
    -6.3    46.5
    -6.1    46.5
    -6.0    46.5
    -5.9    46.5
    -5.8    46.5
    -5.8    46.5
    -5.6    46.4
    -5.5    46.4
    -5.4    46.4
    -5.3    46.4
    -5.3    46.4
    -5.1    46.3
    -5.0    46.3
    -4.9    46.3
    -4.8    46.3
    -4.8    46.3
    -4.6    46.3
    -4.5    46.3
    -4.4    46.3
    -4.3    46.2
    -4.3    46.1
    -4.1    46.0
    -4.0    46.0
    -4.0    45.8
    -3.8    45.7
    -3.8    45.7
    -3.6    45.5
    -3.5    45.5
    -3.5    45.4
    -3.3    45.2
    -3.3    45.1
    -3.1    45.1
    -3.0    45.0
    -3.0    45.0
    -2.8    45.0
    -2.8    45.0
    -2.6    45.0
    -2.5    45.0
    -2.5    45.0
    -2.3    44.9
    -2.3    44.8
    -2.1    39.4
    -2.0    39.4
    -2.0    39.4
    -1.8    39.4
    -1.8    39.4
    -1.6    39.4
    -1.5    39.4
    -1.5    39.4
    -1.3    39.4
    -1.3    39.4
    -1.1    39.4
    -1.0    39.4
    -0.9    39.4
    -0.8    39.4
    -0.8    39.4
    -0.6    39.4
    -0.5    39.4
    -0.4    39.4
    -0.3    39.4
    -0.3    39.4
    -0.1    39.4
    -0.0    39.4
     0.1    39.4
     0.2    39.4
     0.2    39.4
     0.4    39.4
     0.5    39.5
     0.6    39.5
     0.7    39.5
     0.7    39.6
     0.9    39.6
     1.0    39.7
     1.0    39.8
     1.2    39.9
     1.2    40.0
     1.4    40.3
     1.5    40.5
     1.5    40.9
     1.7    40.9
     1.7    41.0
     1.9    41.0
     2.0    41.0
     2.0    41.0
     2.2    41.0
     2.2    41.0
     2.4    41.1
     2.5    41.1
     2.5    41.1
     2.7    41.2
     2.7    41.3
     2.9    41.3
     3.0    41.4
     3.0    41.4
     3.2    41.4
     3.2    41.5
     3.4    41.5
     3.5    41.9
     3.5    41.9
     3.7    42.3
     3.7    42.5
     3.9    42.5
     4.0    42.5
     4.1    42.5
     4.2    42.6
     4.2    42.6
     4.4    42.6
     4.5    42.6
     4.6    42.6
     4.7    42.7
     4.7    42.7
     4.9    42.7
     5.0    42.8
     5.1    42.8
     5.2    42.8
     5.2    42.9
     5.4    42.9
     5.5    42.9
     5.6    42.9
     5.7    42.9
     5.7    42.9
     5.9    42.9
     6.0    43.0
     6.1    43.0
     6.2    43.0
     6.2    43.0
     6.4    43.0
     6.5    43.0
     6.6    43.0
     6.7    43.0
     6.7    43.1
     6.9    43.3
     7.0    43.3
     7.1    43.3
     7.2    43.3
     7.2    43.3
     7.4    43.3
     7.5    43.3
     7.6    43.3
     7.7    43.3
     7.7    43.3
     7.9    43.3
     8.0    43.3
     8.1    43.3
     8.2    43.3
     8.2    43.3
     8.4    43.3
     8.5    43.3
     8.6    43.3
     8.7    43.3
     8.7    43.3
     8.9    43.3
     9.0    43.3
     9.1    43.3
     9.2    43.3
     9.2    43.3
     9.4    43.3
     9.5    42.0
     9.6    42.0
     9.7    42.0
     9.7    42.0
     9.9    41.9
    10.0    41.8
    10.1    41.8
    10.2    41.8
    10.2    41.7
    10.4    41.7
    10.5    41.7
    10.6    41.6
    10.7    41.6
    10.7    41.6
    10.9    41.5
    11.0    41.5
    11.1    41.5
    11.2    41.5
    11.2    41.4
    11.4    41.3
    11.5    41.2
    11.6    41.2
    11.7    41.2
    11.7    41.1
    11.9    41.0
    12.0    41.0
    12.1    41.0
    12.2    41.0
    12.2    41.0
    12.4    41.0
    12.5    41.0
    12.6    41.0
    12.7    40.8
    12.7    40.8
    12.9    40.8
    13.0    40.6
    13.1    40.6
    13.2    40.6
    13.2    40.5
    13.4    40.5
    13.5    40.5
    13.6    40.5
    13.7    40.5
    13.7    40.5
    13.9    40.4
    14.0    40.4
    14.1    40.3
    14.2    40.3
    14.2    40.3
    14.4    40.2
    14.5    40.1
    14.6    40.1
    14.7    40.1
    14.7    40.1
    14.9    40.1
    15.0    40.1
    15.1    40.1
    15.2    40.1
    15.2    40.1
    15.4    40.1
    15.5    40.1
    15.6    40.1
    15.7    40.1
    15.7    40.1
    15.9    40.1
    16.0    40.1
    16.0    39.9
    16.2    39.9
    16.2    39.8
    16.4    39.8
    16.5    39.8
    16.5    39.8
    16.7    39.5
    16.7    39.5
    16.9    39.5
    17.0    39.5
    17.0    39.5
    17.2    39.5
    17.2    39.5
    17.4    39.5
    17.5    39.4
    17.5    39.4
    17.7    39.4
    17.7    39.4
    17.9    39.3
    18.0    39.3
    18.0    39.3
    18.2    39.3
    18.2    39.3
    18.4    39.3
    18.5    39.3
    18.5    39.3
    18.7    39.3
    18.7    39.3
    18.9    39.3
    19.0    39.3
    19.0    39.3
    19.2    39.3
    19.2    39.3
    19.4    39.3
    19.5    39.3
    19.5    39.3
    19.7    39.3
    19.7    39.2
    19.9    39.1
    20.0    39.0
    20.0    39.0
    20.2    38.9
    20.2    38.8
    20.4    38.5
    20.5    37.8
    20.5    37.6
    20.7    37.5
    20.7    37.5
    20.9    37.5
    21.0    37.5
    21.0    37.5
    21.2    37.5
    21.2    37.5
    21.4    37.5
    21.5    37.5
    21.5    37.5
    21.7    37.5
    21.7    37.5
    21.9    37.5
    22.0    37.3
    22.0    37.3
    22.2    37.0
    22.2    36.9
    22.4    36.7
    22.5    36.7
    22.5    36.6
    22.7    36.6
    22.7    36.6
    22.9    36.6
    23.0    36.6
    23.0    36.6
    23.2    36.5
    23.2    36.5
    23.4    36.5
    23.5    36.5
    23.5    36.5
    23.7    36.5
    23.7    36.5
    23.9    36.4
    24.0    36.4
    24.0    36.3
    24.2    36.3
    24.2    36.2
    24.5    36.2
    24.5    36.2
    24.7    36.2
    24.7    36.1
    24.9    36.1
    25.0    36.1
    25.0    36.1
    25.2    36.1
    25.2    36.1
    25.4    36.1
    25.5    36.1
    25.5    36.1
    25.7    36.1
    25.7    36.1
    25.9    36.1
    26.0    36.1
    26.0    36.1
    26.2    36.1
    26.2    36.1
    26.4    36.1
    26.5    36.1
    26.5    36.1
    26.7    36.1
    26.7    36.1
    26.9    36.1
    27.0    36.1
    27.0    36.1
    27.2    36.2
    27.2    36.2
    27.4    36.2
    27.5    36.2
    27.5    36.3
    27.7    36.3
    27.7    36.5
    27.9    36.5
    28.0    36.5
    28.0    36.5
    28.2    36.5
    28.2    37.7
    28.4    37.8
    28.5    37.9
    28.5    40.9
    28.7    42.8
    28.7    43.0
    28.9    43.0
    29.0    43.1
    29.0    43.2
    29.2    43.2
    29.2    43.2
    29.4    43.3
    29.5    43.3
    29.5    43.3
    29.7    43.3
    29.7    43.3
    29.9    43.4
    30.0    43.4
    30.0    43.5
    30.2    43.5
    30.2    43.5
    30.4    43.5
    30.5    43.5
    30.5    43.5
    30.7    43.6
    30.7    43.6
    30.9    43.7
    31.0    43.8
    31.0    43.8
    31.2    43.9
    31.2    44.0
    31.4    44.0
    31.5    44.0
    31.5    44.1
    31.7    44.1
    31.7    44.1
    31.9    44.1
    32.0    44.1
    32.0    44.1
    32.2    44.2
    32.2    44.2
    32.4    44.2
    32.5    44.2
    32.5    44.3
    32.7    44.3
    32.7    44.3
    32.9    44.3
    33.0    44.3
    33.0    44.4
    33.2    44.4
    33.2    44.4
    33.4    44.4
    33.5    44.5
    33.5    44.5
    33.7    44.5
    33.7    44.5
    33.9    44.5
    34.0    44.5
    34.0    44.5
    34.2    44.5
    34.2    44.5
    34.4    44.5
    34.5    44.5
    34.5    44.5
    34.7    44.5
    34.7    44.5
    34.9    44.5
    35.0    44.5
    35.0    44.5
    35.2    44.5
    35.2    44.5
    35.4    44.5
    35.5    44.5
    35.5    44.5
    35.7    44.5
    35.7    44.5
    35.9    44.5
    36.0    44.5
    36.0    44.5
    36.2    44.5
    36.2    44.5
    36.4    44.5
    36.5    44.5
    36.5    44.5
    36.7    44.5
    36.7    44.5
    36.9    44.5
    37.0    44.5
    37.0    44.5
    37.2    44.5
    37.2    44.5
    37.4    44.5
    37.5    44.5
    37.5    44.5
    37.7    44.5
    37.7    44.4
    37.9    44.4
    38.0    44.3
    38.0    44.3
    38.2    44.3
    38.2    44.2
    38.4    44.2
    38.5    44.1
    38.5    44.1
    38.7    44.0
    38.7    43.8
    38.9    43.8
    39.0    43.7
    39.0    43.6
    39.2    43.6
    39.2    43.5
    39.4    43.5
    39.5    43.5
    39.5    43.2
    39.7    43.2
    39.7    43.2
    39.9    43.1
    40.0    43.0
    40.0    42.9
    40.2    42.8
    40.2    42.8
    40.4    42.8
    40.5    42.8
    40.5    42.7
    40.7    42.7
    40.7    42.7
    40.9    42.7
    41.0    42.5
    41.0    42.5
    41.2    42.5
    41.2    42.2
   129.1    40.0
   129.2    40.0
   129.3    40.0
   129.4    40.0
   129.4    40.0
   129.6    39.8
   129.7    39.8
   129.8    39.8
   129.9    39.8
   129.9    39.8
   130.1    39.8
   130.2    39.8
   130.3    39.8
   130.4    39.8
   130.4    39.8
   130.6    39.8
   130.7    39.8
   130.8    39.8
   130.9    39.8
   130.9    39.8
   131.1    39.8
   131.2    39.8
   131.3    39.8
   131.4    39.8
   131.4    39.8
   131.6    39.8
   131.7    39.8
   131.8    39.8
   131.9    39.8
   131.9    39.8
   132.1    39.8
   132.2    39.8
   132.3    39.8
   132.4    39.9
   132.4    40.0
   132.6    40.0
   132.7    40.0
   132.8    40.0
   132.9    40.0
   132.9    40.0
   133.1    40.0
   133.2    40.0
   133.3    40.0
   133.4    40.0
   133.4    40.0
   133.6    40.0
   133.7    40.0
   133.8    40.0
   133.9    40.0
   133.9    40.0
   134.1    40.0
   134.2    40.0
   134.3    40.0
   134.4    40.1
   134.4    40.1
   134.6    40.1
   134.7    40.2
   134.8    40.2
   134.9    40.2
   134.9    40.3
   135.1    40.3
   135.2    40.3
   135.3    40.4
   135.4    40.4
   135.4    40.5
   135.6    40.5
   135.7    40.5
   135.8    40.6
   135.9    40.6
   135.9    40.7
   136.1    40.8
   136.2    40.8
   136.3    40.9
   136.4    41.0
   136.4    41.0
   136.6    41.0
   136.7    41.0
   136.8    41.1
   136.9    41.1
   136.9    41.1
   137.1    41.1
   137.2    41.1
   137.3    41.1
   137.4    41.1
   137.4    41.1
   137.6    41.2
   137.7    41.2
   137.8    41.2
   137.9    41.2
   137.9    41.2
   138.1    41.2
   138.2    41.2
   138.3    41.2
   138.4    41.2
   138.4    41.2
   138.6    41.2
   138.7    41.3
   138.8    41.4
   138.9    41.5
   138.9    41.5
   139.1    41.5
   139.2    41.5
   139.3    41.5
   139.4    41.5
   139.4    41.5
   139.6    41.5
   139.7    41.5
   139.8    41.5
   139.9    41.5
   139.9    41.5
   140.1    41.5
   140.8    41.5
   140.9    41.5
   140.9    41.5
   141.1    41.4
   141.2    41.2
   141.3    41.1
   141.4    40.9
   141.4    40.9
   141.6    40.9
   141.7    40.9
   141.8    40.9
   141.9    40.9
   141.9    40.9
   142.1    40.8
   142.2    40.8
   142.3    40.8
   142.4    40.8
   142.4    40.8
   142.6    40.8
   142.7    40.8
   142.8    40.8
   142.9    40.8
   142.9    40.8
   143.1    40.7
   143.2    40.7
   143.3    40.7
   143.4    40.7
   143.4    40.7
   143.6    40.7
   143.7    40.7
   143.8    40.7
   143.9    40.7
   143.9    40.7
   144.1    40.7
   144.2    40.7
   144.3    40.7
   144.4    40.6
   144.4    40.6
   144.6    40.6
   144.7    40.5
   144.8    40.5
   144.9    40.5
   144.9    40.5
   145.1    40.5
   145.2    40.5
   145.3    40.5
   145.4    40.5
   145.4    40.5
   145.6    40.5
   145.7    40.5
   145.8    40.5
   145.9    40.5
   145.9    40.5
   146.1    40.5
   146.2    40.5
   146.3    40.5
   146.4    40.6
   146.4    40.6
   146.6    40.6
   146.7    40.6
   146.8    40.6
   146.9    40.6
   146.9    40.6
   147.1    40.6
   147.2    40.6
   147.3    40.6
   147.4    40.7
   147.4    40.7
   147.6    40.7
   147.7    40.7
   147.8    40.7
   147.9    40.9
   147.9    40.9
   148.1    40.9
   148.2    41.0
   148.3    41.0
   148.4    41.0
   148.4    41.0
   148.6    41.0
   148.7    41.0
   148.8    41.0
   148.9    41.0
   148.9    41.0
   149.1    41.0
   149.2    41.0
   149.3    41.0
   149.4    41.0
   149.4    41.0
   149.6    41.0
   149.7    41.0
   149.8    41.0
   149.9    41.0
   149.9    41.0
   150.1    41.0
   150.2    41.0
   150.3    41.0
   150.4    41.0
   150.4    41.0
   150.6    41.0
   150.7    41.0
   150.8    41.0
   150.9    41.1
   150.9    41.1
   151.1    41.1
   151.2    41.1
   151.3    41.1
   151.4    41.1
   151.4    41.1
   151.6    41.1
   151.7    41.1
   151.8    41.2
   151.9    41.2
   151.9    41.4
   152.1    41.5
   152.2    41.5
   152.3    41.5
   152.4    41.5
   152.4    41.5
   152.6    41.6
   152.7    41.6
   152.8    41.6
   152.9    41.7
   152.9    41.7
   153.1    41.7
   153.2    41.7
   153.3    41.7
   153.4    41.7
   153.4    41.7
   153.6    41.7
   153.7    41.7
   153.8    41.7
   153.9    41.9
   153.9    42.0
   154.1    42.0
   154.2    42.0
   154.3    42.0
   154.4    42.0
   154.4    42.0
   154.6    42.0
   154.7    42.0
   154.8    42.0
   154.9    42.0
   154.9    42.0
   155.1    42.0
   155.2    42.0
   155.3    42.0
   155.4    42.0
   155.4    42.0
   155.6    42.0
   155.7    42.0
   155.8    42.0
   155.9    42.0
   155.9    42.0
   156.1    42.0
   156.2    42.0
   156.3    41.9
   156.4    41.9
   156.4    41.9
   156.6    41.9
   156.7    41.9
   156.8    41.9
   156.9    41.9
   156.9    41.9
   157.1    41.9
   157.2    41.9
   157.3    41.9
   157.4    41.9
   157.4    41.9
   157.6    41.8
   157.7    41.8
   157.8    41.8
   157.9    41.8
   157.9    41.8
   158.1    41.8
   158.2    41.8
   158.3    41.8
   158.4    41.8
   158.4    41.8
   158.6    41.8
   158.7    41.8
   158.8    41.8
   158.9    41.8
   158.9    41.8
   159.1    41.8
   159.2    41.8
   159.3    41.9
   159.4    41.9
   159.4    41.8
   159.6    41.8
   159.7    41.8
   159.8    41.8
   159.9    41.8
   159.9    41.8
   160.1    41.8
   160.2    41.8
   160.3    41.8
   160.4    41.8
   160.4    41.8
   160.6    41.8
   160.7    41.8
   160.8    41.8
   160.9    41.8
   160.9    41.8
   161.1    41.8
   161.2    41.8
   161.3    41.8
   161.4    41.8
   161.4    41.8
   161.6    41.8
   161.7    41.8
   161.8    41.8
   161.9    41.8
   161.9    41.8
   162.1    41.7
   162.2    41.7
   162.3    41.7
   162.4    41.7
   162.4    41.7
   162.6    41.7
   162.7    41.7
   162.8    41.6
   162.9    41.6
   162.9    41.5
   163.1    41.4
   163.2    41.4
   163.3    41.2
   163.4    41.2
   163.4    41.2
   163.6    41.2
   163.7    41.2
   163.8    41.2
   163.9    41.2
   163.9    41.2
   164.1    41.2
   164.2    41.2
   164.3    41.2
   164.4    41.2
   164.4    41.2
   164.6    41.2
   164.7    41.2
   164.8    41.2
   164.9    41.2
   164.9    41.2
   165.1    41.2
   165.2    41.2
   165.3    41.2
   165.4    41.2
   165.4    41.2
   165.6    41.3
   165.7    41.3
   165.8    41.3
   165.9    41.4
   165.9    41.4
   166.1    41.5
   166.2    41.5
   166.3    41.5
   166.4    41.5
   166.4    41.5
   166.6    41.5
   166.7    41.5
   166.8    41.6
   166.9    41.6
   166.9    41.6
   167.1    41.6
   167.2    41.6
   167.3    41.6
   167.4    41.6
   167.4    41.6
   167.6    41.6
   167.7    41.6
   167.8    41.7
   167.9    41.7
   167.9    41.7
   168.1    41.7
   168.2    41.7
   168.3    41.7
   168.4    41.7
   168.4    41.8
   168.6    41.8
   168.7    41.8
   168.8    41.8
   168.9    41.8
   168.9    41.8
   169.1    41.8
   169.2    41.8
   169.3    41.8
   169.4    41.8
   169.4    41.8
   169.6    41.8
   169.7    41.8
   169.8    41.8
   169.9    41.8
   169.9    41.8
   170.1    41.8
   170.2    41.8
   170.3    41.8
   170.4    41.8
   170.4    41.8
   170.6    41.8
   170.7    41.8
   170.8    41.8
   170.9    41.8
   170.9    41.8
   171.1    41.8
   171.2    41.8
   171.3    41.8
   171.4    41.8
   171.4    41.8
   171.6    41.8
   171.7    41.8
   171.8    41.8
   171.9    41.8
   171.9    41.8
   172.1    41.8
   172.2    41.8
   172.3    41.8
   172.4    41.8
   172.4    41.8
   172.6    41.8
   172.7    41.8
   172.8    41.8
   172.9    41.9
   172.9    41.9
   173.1    41.9
   173.2    41.9
   173.3    41.9
   173.4    41.9
   173.4    41.9
   173.6    41.9
   173.7    41.9
   173.8    41.9
   173.9    41.9
   173.9    41.9
   174.1    41.9
   174.2    41.9
   174.3    41.9
   174.4    41.9
   174.4    42.0
   174.6    42.0
   174.7    42.0
   174.8    42.0
   174.9    42.0
   174.9    42.0
   175.1    42.0
   175.2    42.0
   175.3    42.0
   175.4    42.0
   175.4    42.0
   175.6    42.0
   175.7    42.0
   175.8    42.0
   175.9    42.0
   175.9    42.1
   176.1    42.1
   176.2    42.1
   176.3    42.1
   176.4    42.2
   176.4    42.2
   176.6    42.2
   176.7    42.2
   176.8    42.2
   176.9    42.2
   176.9    42.3
   177.1    42.3
   177.2    42.3
   177.3    42.3
   177.4    42.4
   177.4    42.4
   177.6    41.4
   177.7    41.7
   177.8    41.6
   177.9    41.6
   177.9    42.7
   178.1    42.7
   178.2    42.7
   178.3    42.0
   178.4    42.4
   178.4    42.6
   178.6    42.8
   178.7    42.9
   178.8    42.3
   178.9    43.0
   178.9    43.0
   179.1    43.0
   179.2    43.0
   179.3    43.3
   179.4    42.7
   179.4    42.6
   179.6    41.4
   179.7    42.5
   179.8    42.5
   179.9    42.5
   179.9    42.5
