  -179.9   -42.0
  -179.8   -42.0
  -179.8   -42.1
  -179.6   -42.1
  -179.6   -41.4
  -179.4   -42.0
  -179.3   -42.1
  -179.2   -42.1
  -179.1   -42.2
  -179.1   -42.2
  -178.9   -42.3
  -178.8   -42.2
  -178.8   -42.1
  -178.6   -41.9
  -178.6   -42.1
  -178.4   -42.2
  -178.3   -42.2
  -178.2   -42.3
  -178.1   -42.3
  -178.1   -42.3
  -177.9   -42.1
  -177.8   -42.4
  -177.8   -41.9
  -177.6   -42.5
  -177.6   -42.4
  -177.4   -42.0
  -177.3   -42.0
  -177.2   -42.0
  -177.1   -41.9
  -177.1   -41.9
  -176.9   -41.9
  -176.8   -41.9
  -176.8   -41.9
  -176.6   -41.9
  -176.6   -41.8
  -176.4   -41.8
  -176.3   -41.7
  -176.2   -41.7
  -176.1   -41.5
  -176.1   -41.5
  -175.9   -41.5
  -175.8   -41.3
  -175.8   -41.1
  -175.6   -41.1
  -175.6   -41.0
  -175.4   -40.5
  -175.3   -40.5
  -175.2   -40.4
  -175.1   -40.4
  -175.1   -40.4
  -174.9   -40.3
  -174.8   -40.3
  -174.8   -40.2
  -174.6   -40.1
  -174.6   -40.0
  -174.4   -40.0
  -174.3   -40.0
  -174.2   -39.9
  -174.1   -39.9
  -174.1   -39.9
  -173.9   -39.9
  -173.8   -39.9
  -173.8   -39.9
  -173.6   -39.9
  -173.6   -39.9
  -173.4   -39.9
  -173.3   -39.8
  -173.2   -39.8
  -173.1   -39.8
  -173.1   -39.8
  -172.9   -39.8
  -172.8   -39.8
  -172.8   -39.8
  -172.6   -39.8
  -172.6   -39.8
  -172.4   -39.8
  -172.3   -39.8
  -172.2   -39.8
  -172.1   -39.8
  -172.1   -39.8
  -171.9   -39.8
  -171.8   -39.8
  -171.8   -39.8
  -171.6   -39.8
  -171.6   -39.8
  -171.4   -39.8
  -171.3   -39.9
  -171.2   -39.9
  -171.1   -39.9
  -171.1   -39.9
  -170.9   -39.9
  -170.8   -39.9
  -170.8   -39.9
  -170.6   -39.9
  -170.6   -40.0
  -170.4   -40.0
  -170.3   -40.0
  -170.2   -40.0
  -170.1   -40.0
  -170.1   -40.0
  -169.9   -40.0
  -169.8   -40.0
  -169.8   -40.0
  -169.6   -40.0
  -169.6   -40.0
  -169.4   -40.0
  -169.3   -40.0
  -169.2   -40.0
  -169.1   -40.0
  -169.1   -40.0
  -168.9   -40.0
  -168.8   -40.0
  -168.8   -40.0
  -168.6   -40.0
  -168.6   -40.1
  -168.4   -40.1
  -168.3   -40.1
  -168.2   -40.2
  -168.1   -40.2
  -168.1   -40.2
  -167.9   -40.3
  -167.8   -40.3
  -167.8   -40.3
  -167.6   -40.3
  -167.6   -40.3
  -167.4   -40.3
  -167.3   -40.3
  -167.2   -40.3
  -167.1   -40.3
  -167.1   -40.3
  -166.9   -40.3
  -166.8   -40.3
  -166.8   -40.3
  -166.6   -40.4
  -166.6   -40.4
  -166.4   -40.4
  -166.3   -40.4
  -166.2   -40.4
  -166.1   -40.4
  -166.1   -40.5
  -165.9   -40.5
  -165.8   -40.5
  -165.8   -40.5
  -165.6   -40.5
  -165.6   -40.5
  -165.4   -40.5
  -165.3   -40.5
  -165.2   -40.5
  -165.1   -40.5
  -165.1   -40.5
  -164.9   -40.5
  -164.8   -40.5
  -164.8   -40.5
  -164.6   -40.5
  -164.6   -40.5
  -164.4   -40.5
  -164.3   -40.5
  -164.2   -40.5
  -164.1   -40.5
  -164.1   -40.5
  -163.9   -40.5
  -163.8   -40.5
  -163.8   -40.5
  -163.6   -40.5
  -163.6   -40.5
  -163.4   -40.4
  -163.3   -40.4
  -163.2   -40.4
  -163.1   -40.4
  -163.1   -40.4
  -162.9   -40.4
  -162.8   -40.4
  -162.8   -40.4
  -162.6   -40.3
  -162.6   -40.2
  -162.4   -40.1
  -162.3   -40.0
  -162.2   -40.0
  -162.1   -40.0
  -162.1   -40.0
  -161.9   -40.0
  -161.8   -40.0
  -161.8   -40.0
  -161.6   -40.0
  -161.6   -40.0
  -161.4   -40.0
  -161.3   -40.0
  -161.2   -40.0
  -161.1   -40.0
  -161.1   -40.0
  -160.9   -40.0
  -160.8   -40.0
  -160.8   -39.9
  -160.6   -39.9
  -160.6   -39.9
  -160.4   -39.9
  -160.3   -39.9
  -160.2   -39.9
  -160.1   -39.9
  -160.1   -39.9
  -159.9   -39.9
  -159.8   -39.9
  -159.8   -39.9
  -159.6   -39.9
  -159.6   -39.9
  -159.4   -39.9
  -159.3   -39.9
  -159.2   -39.9
  -159.1   -39.9
  -159.1   -39.9
  -158.9   -39.9
  -158.8   -39.9
  -158.8   -39.9
  -158.6   -39.9
  -158.6   -39.9
  -158.4   -39.9
  -158.3   -40.0
  -158.2   -40.0
  -158.1   -40.0
  -158.1   -40.0
  -157.9   -40.0
  -157.8   -40.0
  -157.8   -40.0
  -157.6   -40.0
  -157.6   -40.0
  -157.4   -40.0
  -157.3   -40.0
  -157.2   -40.0
  -157.1   -40.0
  -157.1   -40.0
  -156.9   -40.0
  -156.8   -40.0
  -156.8   -40.0
  -156.6   -40.0
  -156.6   -40.1
  -156.4   -40.1
  -156.3   -40.1
  -156.2   -40.1
  -156.1   -40.1
  -156.1   -40.1
  -155.9   -40.0
  -155.8   -40.0
  -155.8   -40.0
  -155.6   -40.0
  -155.6   -40.0
  -155.4   -40.0
  -155.3   -40.0
  -155.2   -40.0
  -155.1   -40.0
  -155.1   -40.0
  -154.9   -40.0
  -154.8   -40.0
  -154.8   -40.0
  -154.6   -40.0
  -154.6   -40.0
  -154.4   -40.0
  -154.3   -40.0
  -154.2   -40.0
  -154.1   -40.0
  -154.1   -40.0
  -153.9   -39.9
  -153.8   -39.9
  -153.8   -39.9
  -153.6   -39.8
  -153.6   -39.8
  -153.4   -39.8
  -153.3   -39.8
  -153.2   -39.8
  -153.1   -39.8
  -153.1   -39.8
  -152.9   -39.8
  -152.8   -39.8
  -152.8   -39.8
  -152.6   -39.8
  -152.6   -39.8
  -152.4   -39.8
  -152.3   -39.8
  -152.2   -39.8
  -152.1   -39.8
  -152.1   -39.8
  -151.9   -39.8
  -151.8   -39.8
  -151.8   -39.8
  -151.6   -39.8
  -151.6   -39.8
  -151.4   -39.8
  -151.3   -39.8
  -151.2   -39.8
  -151.1   -39.8
  -151.1   -39.8
  -150.9   -39.8
  -150.8   -39.8
  -150.8   -39.9
  -150.6   -39.9
  -150.6   -39.9
  -150.4   -39.9
  -150.3   -40.0
  -150.2   -40.0
  -150.1   -40.0
  -150.1   -40.0
  -149.9   -40.0
  -149.8   -40.0
  -149.8   -40.1
  -149.6   -40.1
  -149.6   -40.1
  -149.4   -40.1
  -149.3   -40.1
  -149.2   -40.1
  -149.1   -40.1
  -149.1   -40.1
  -148.9   -40.1
  -148.8   -40.1
  -148.8   -40.1
  -148.6   -40.1
  -148.6   -40.1
  -148.4   -40.1
  -148.3   -40.1
  -148.2   -40.1
  -148.1   -40.1
  -148.1   -40.1
  -147.9   -40.1
  -147.8   -40.1
  -147.8   -40.1
  -147.6   -40.1
  -147.6   -40.1
  -147.4   -40.1
  -147.3   -40.1
  -147.2   -40.1
  -147.1   -40.1
  -147.1   -40.1
  -146.9   -40.1
  -146.8   -40.1
  -146.8   -40.0
  -146.6   -40.0
  -146.6   -40.0
  -146.4   -40.0
  -146.3   -40.0
  -146.2   -40.0
  -146.1   -40.0
  -146.1   -40.0
  -145.9   -40.0
  -145.8   -40.0
  -145.8   -40.0
  -145.6   -39.9
  -145.6   -39.9
  -145.4   -39.8
  -145.3   -39.8
  -145.2   -39.8
  -145.1   -39.8
  -145.1   -39.8
  -144.9   -39.8
  -144.8   -39.8
  -144.8   -39.8
  -144.6   -39.8
  -144.6   -39.8
  -144.4   -39.8
  -144.3   -39.8
  -144.2   -39.8
  -144.1   -39.8
  -144.1   -39.8
  -143.9   -39.8
  -143.8   -39.8
  -143.8   -39.8
  -143.6   -39.8
  -143.6   -39.8
  -143.4   -39.8
  -143.3   -39.8
  -143.2   -39.8
  -143.1   -39.8
  -143.1   -39.8
  -142.9   -39.6
  -142.8   -39.6
  -142.8   -39.6
  -142.6   -39.6
  -142.6   -39.6
  -142.4   -39.6
  -142.3   -39.6
  -142.2   -39.6
  -142.1   -39.6
  -142.1   -39.6
  -141.9   -39.6
  -141.8   -39.6
  -141.8   -39.5
  -141.6   -39.5
  -141.6   -39.5
  -141.4   -39.5
  -141.3   -39.6
  -141.2   -39.6
  -141.1   -39.6
  -141.1   -39.6
  -140.9   -39.6
  -140.8   -39.6
  -140.8   -39.6
  -140.6   -39.6
  -140.6   -39.6
  -140.4   -39.6
  -140.3   -39.7
  -140.2   -39.7
  -140.1   -39.7
  -140.1   -39.7
  -139.9   -39.6
  -139.8   -39.6
  -139.8   -39.6
  -139.6   -39.6
  -139.6   -39.6
  -139.4   -39.6
  -139.3   -39.6
  -139.2   -39.6
  -139.1   -39.6
  -139.1   -39.6
  -138.9   -39.6
  -138.8   -39.6
  -138.8   -39.6
  -138.6   -39.6
  -138.6   -39.6
  -138.4   -39.6
  -138.3   -39.6
  -138.2   -39.6
  -138.1   -39.6
  -138.1   -39.6
  -137.9   -39.6
  -137.8   -39.6
  -137.8   -39.7
  -137.6   -39.7
  -137.6   -39.7
  -137.4   -39.7
  -137.3   -39.7
  -137.2   -39.7
  -137.1   -39.6
  -137.1   -39.6
  -136.9   -39.6
  -136.8   -39.6
  -136.8   -39.7
  -136.6   -39.7
  -136.6   -39.7
  -136.4   -39.7
  -136.3   -39.7
  -136.2   -39.7
  -136.1   -39.7
  -136.1   -39.7
  -135.9   -39.7
  -135.8   -39.7
  -135.8   -39.7
  -135.6   -39.7
  -135.6   -39.7
  -135.4   -39.7
  -135.3   -39.7
  -135.2   -39.7
  -135.1   -39.7
  -135.1   -39.7
  -134.9   -39.7
  -134.8   -39.7
  -134.8   -39.7
  -134.6   -39.6
  -134.6   -39.6
  -134.4   -39.6
  -134.3   -39.6
  -134.2   -39.6
  -134.1   -39.6
  -134.1   -39.6
  -133.9   -39.6
  -133.8   -39.6
  -133.8   -39.6
  -133.6   -39.6
  -133.6   -39.6
  -133.4   -39.6
  -133.3   -39.6
  -133.2   -39.6
  -133.1   -39.6
  -133.1   -39.5
  -132.9   -39.5
  -132.8   -39.5
  -132.8   -39.4
  -132.6   -39.4
  -132.6   -39.4
  -132.4   -39.3
  -132.3   -39.3
  -132.2   -39.1
  -132.1   -39.0
  -132.1   -39.0
  -131.9   -39.0
  -131.8   -39.0
  -131.8   -39.0
  -131.6   -39.0
  -131.6   -38.9
  -131.4   -38.9
  -131.3   -38.9
  -131.2   -38.9
  -131.1   -38.9
  -131.1   -38.9
  -130.9   -38.9
  -130.8   -38.9
  -130.8   -38.9
  -130.6   -38.9
  -130.6   -38.9
  -130.4   -38.9
  -130.3   -38.9
  -130.2   -38.9
  -130.1   -38.9
  -130.1   -38.9
  -129.9   -38.9
  -129.8   -38.9
  -129.8   -38.9
  -129.6   -38.9
  -129.6   -38.9
  -129.4   -38.9
  -129.3   -38.9
  -129.2   -38.9
  -129.1   -38.9
  -129.1   -38.9
  -128.9   -38.9
  -128.8   -38.9
  -128.8   -38.9
  -128.6   -38.9
  -128.6   -38.9
  -128.4   -38.9
  -128.3   -38.9
  -128.2   -38.9
  -128.1   -38.9
  -128.1   -38.9
  -127.9   -38.9
  -127.8   -38.9
  -127.8   -38.9
  -127.6   -39.0
  -127.5   -39.0
  -127.4   -39.0
  -127.3   -39.0
  -127.2   -39.0
  -127.1   -39.0
  -127.0   -39.0
  -126.9   -39.0
  -126.8   -39.0
  -126.8   -39.0
  -126.6   -39.0
  -126.5   -39.0
  -126.4   -39.0
  -126.3   -39.0
  -126.2   -39.0
  -126.1   -39.0
  -126.0   -39.0
  -125.9   -39.0
  -125.8   -39.0
  -125.8   -39.0
  -125.6   -39.0
  -125.5   -39.0
  -125.4   -39.0
  -125.3   -39.0
  -125.2   -39.0
  -125.1   -39.0
  -125.0   -39.0
  -124.9   -39.0
  -124.8   -39.0
  -124.8   -39.0
  -124.6   -39.0
  -124.5   -39.0
  -124.4   -39.0
  -124.3   -39.0
  -124.2   -39.0
  -124.1   -39.0
  -124.0   -39.0
  -123.9   -39.0
  -123.8   -39.0
  -123.8   -39.0
  -123.6   -39.0
  -123.5   -39.0
  -123.4   -39.0
  -123.3   -39.0
  -123.2   -39.0
  -123.1   -39.0
  -123.0   -39.0
  -122.9   -39.0
  -122.8   -39.0
  -122.8   -39.0
  -122.6   -39.0
  -122.5   -39.0
  -122.4   -39.0
  -122.3   -39.0
  -122.2   -39.0
  -122.1   -39.0
  -122.0   -39.0
  -121.9   -39.0
  -121.8   -39.0
  -121.8   -39.1
  -121.6   -39.1
  -121.5   -39.1
  -121.4   -39.1
  -121.3   -39.1
  -121.2   -39.1
  -121.1   -39.1
  -121.0   -39.1
  -120.9   -39.1
  -120.8   -39.1
  -120.8   -39.1
  -120.6   -39.1
  -120.5   -39.1
  -120.4   -39.1
  -120.3   -39.1
  -120.2   -39.1
  -120.1   -39.1
  -120.0   -39.1
  -119.9   -39.0
  -119.8   -39.0
  -119.8   -39.0
  -119.6   -39.0
  -119.5   -39.0
  -119.4   -39.0
  -119.3   -39.0
  -119.2   -39.0
  -119.1   -39.0
  -119.0   -39.0
  -118.9   -38.9
  -118.8   -38.9
  -118.8   -38.9
  -118.6   -38.9
  -118.5   -38.8
  -118.4   -38.8
  -118.3   -38.7
  -118.2   -38.7
  -118.1   -38.5
  -118.0   -38.5
  -117.9   -38.5
  -117.8   -38.5
  -117.8   -38.5
  -117.6   -38.5
  -117.5   -38.5
  -117.4   -38.5
  -117.3   -38.5
  -117.2   -38.5
  -117.1   -38.5
  -117.0   -38.5
  -116.9   -38.5
  -116.8   -38.5
  -116.8   -38.5
  -116.6   -38.5
  -116.5   -38.5
  -116.4   -38.5
  -116.3   -38.5
  -116.2   -38.5
  -116.1   -38.5
  -116.0   -38.5
  -115.9   -38.5
  -115.8   -38.5
  -115.7   -38.5
  -115.6   -38.5
  -115.5   -38.5
  -115.4   -38.5
  -115.3   -38.5
  -115.2   -38.5
  -115.1   -38.5
  -115.0   -38.5
  -114.9   -38.5
  -114.8   -38.5
  -114.7   -38.6
  -114.6   -38.6
  -114.5   -38.6
  -114.4   -38.6
  -114.3   -38.6
  -114.2   -38.6
  -114.1   -38.6
  -114.0   -38.6
  -113.9   -38.6
  -113.8   -38.5
  -113.7   -38.5
  -113.6   -38.5
  -113.5   -38.5
  -113.4   -38.5
  -113.3   -38.5
  -113.2   -38.6
  -113.1   -38.6
  -113.0   -38.6
  -112.9   -38.6
  -112.8   -38.6
  -112.7   -38.6
  -112.6   -38.6
  -112.5   -38.7
  -112.4   -38.7
  -112.3   -38.7
  -112.2   -38.7
  -112.1   -38.7
  -112.0   -38.7
  -111.9   -38.7
  -111.8   -38.7
  -111.7   -38.7
  -111.6   -38.7
  -111.5   -38.7
  -111.4   -38.7
  -111.3   -38.7
  -111.2   -38.7
  -111.1   -38.7
  -111.0   -38.7
  -110.9   -38.7
  -110.8   -38.7
  -110.7   -38.7
  -110.6   -38.6
  -110.5   -38.6
  -110.4   -38.6
  -110.3   -38.6
  -110.2   -38.6
  -110.1   -38.5
  -110.0   -38.6
  -109.9   -38.6
  -109.8   -38.6
  -109.7   -38.5
  -109.6   -38.5
  -109.5   -38.6
  -109.4   -38.6
  -109.3   -38.6
  -109.2   -38.6
  -109.1   -38.6
  -109.0   -38.7
  -108.9   -38.7
  -108.8   -38.7
  -108.7   -38.7
  -108.6   -38.7
  -108.5   -38.8
  -108.4   -38.8
  -108.3   -38.8
  -108.2   -38.8
  -108.1   -38.8
  -108.0   -38.8
  -107.9   -38.7
  -107.8   -38.7
  -107.7   -38.7
  -107.6   -38.7
  -107.5   -38.7
  -107.4   -38.7
  -107.3   -38.6
  -107.2   -38.6
  -107.1   -38.6
  -107.0   -38.6
  -106.9   -38.5
  -106.8   -38.5
  -106.7   -38.5
  -106.6   -38.5
  -106.5   -38.5
  -106.4   -38.5
  -106.3   -38.5
  -106.2   -38.5
  -106.1   -38.5
  -106.0   -38.5
  -105.9   -38.5
  -105.8   -38.5
  -105.7   -38.5
  -105.6   -38.5
  -105.5   -38.5
  -105.4   -38.5
  -105.3   -38.5
  -105.2   -38.5
  -105.1   -38.5
  -105.0   -38.5
  -104.9   -38.5
  -104.8   -38.5
  -104.7   -38.5
  -104.6   -38.5
  -104.5   -38.5
  -104.4   -38.5
  -104.3   -38.5
  -104.2   -38.5
  -104.1   -38.4
  -104.0   -38.4
  -103.9   -38.3
  -103.8   -38.3
  -103.7   -38.2
  -103.6   -38.2
  -103.5   -38.1
  -103.4   -38.1
  -103.3   -38.1
  -103.2   -38.0
  -103.1   -38.0
  -103.0   -38.0
  -102.9   -38.0
  -102.8   -38.0
  -102.7   -38.0
  -102.6   -38.0
  -102.5   -38.0
  -102.4   -38.0
  -102.3   -38.0
  -102.2   -37.9
  -102.1   -37.9
  -102.0   -37.9
  -101.9   -37.9
  -101.8   -37.9
  -101.7   -37.9
  -101.6   -37.9
  -101.5   -37.9
  -101.4   -37.9
  -101.3   -37.9
  -101.2   -37.9
  -101.1   -37.9
  -101.0   -37.9
  -100.9   -37.9
  -100.8   -37.9
  -100.7   -37.9
  -100.6   -37.9
  -100.5   -37.9
  -100.4   -37.9
  -100.3   -37.9
  -100.2   -37.9
  -100.1   -37.9
  -100.0   -37.8
   -99.9   -37.8
   -99.8   -37.8
   -99.7   -37.8
   -99.6   -37.8
   -99.5   -37.8
   -99.4   -37.8
   -99.3   -37.8
   -99.2   -37.8
   -99.1   -37.8
   -99.0   -37.8
   -98.9   -37.9
   -98.8   -37.9
   -98.7   -37.9
   -98.6   -37.9
   -98.5   -37.9
   -98.4   -37.9
   -98.3   -37.9
   -98.2   -37.9
   -98.1   -37.9
   -98.0   -37.9
   -97.9   -37.9
   -97.8   -37.9
   -97.7   -37.9
   -97.6   -37.9
   -97.5   -38.0
   -97.4   -38.0
   -97.3   -38.0
   -97.2   -38.0
   -97.1   -38.0
   -97.0   -38.2
   -96.9   -38.5
   -96.8   -38.5
   -96.7   -38.5
   -96.6   -38.5
   -96.5   -38.5
   -96.4   -38.5
   -96.3   -38.5
   -96.2   -38.5
   -96.1   -38.5
   -96.0   -38.5
   -95.9   -38.5
   -95.8   -38.5
   -95.7   -38.5
   -95.6   -38.5
   -95.5   -38.6
   -95.4   -38.6
   -95.3   -38.6
   -95.2   -38.6
   -95.1   -38.6
   -95.0   -38.6
   -94.9   -38.6
   -94.8   -38.6
   -94.7   -38.7
   -94.6   -38.7
   -94.5   -38.7
   -94.4   -38.7
   -94.3   -38.7
   -94.2   -38.8
   -94.1   -38.8
   -94.0   -38.8
   -93.9   -38.8
   -93.8   -38.8
   -93.7   -38.8
   -93.6   -38.8
   -93.5   -38.8
   -93.4   -38.8
   -93.3   -38.8
   -93.2   -38.8
   -93.1   -38.8
   -93.0   -38.8
   -92.9   -38.8
   -92.8   -38.8
   -92.7   -38.8
   -92.6   -38.8
   -92.5   -38.8
   -92.4   -38.8
   -92.3   -38.8
   -92.2   -38.8
   -92.1   -38.8
   -92.0   -38.8
   -91.9   -38.9
   -91.8   -38.9
   -91.7   -38.9
   -91.6   -38.9
   -91.5   -38.9
   -91.4   -38.9
   -91.3   -38.9
   -91.2   -38.9
   -91.1   -38.9
   -91.0   -39.0
   -90.9   -39.0
   -90.8   -39.0
   -90.7   -39.0
   -90.6   -39.1
   -90.5   -39.1
   -90.4   -39.1
   -90.3   -39.1
   -90.2   -39.2
   -90.1   -39.2
   -90.0   -39.2
   -89.9   -39.2
   -89.8   -39.3
   -89.7   -39.3
   -89.6   -39.3
   -89.5   -39.3
   -89.4   -39.4
   -89.3   -39.4
   -89.2   -39.4
   -89.1   -39.4
   -89.0   -39.4
   -88.9   -39.4
   -88.8   -39.4
   -88.7   -39.4
   -88.6   -39.4
   -88.5   -39.4
   -88.4   -39.4
   -88.3   -39.4
   -88.2   -39.4
   -88.1   -39.4
   -88.0   -39.4
   -87.9   -39.4
   -87.8   -39.4
   -87.7   -39.4
   -87.6   -39.4
   -87.5   -39.4
   -87.4   -39.4
   -87.3   -39.5
   -87.2   -39.5
   -87.1   -39.5
   -87.0   -39.5
   -86.9   -39.5
   -86.8   -39.4
   -86.7   -39.4
   -86.6   -39.4
   -86.5   -39.4
   -86.4   -39.4
   -86.3   -39.4
   -86.2   -39.4
   -86.1   -39.4
   -86.0   -39.3
   -85.9   -39.3
   -85.8   -39.1
   -85.7   -39.1
   -85.6   -39.0
   -85.5   -39.0
   -85.4   -39.0
   -85.3   -39.0
   -85.2   -39.0
   -85.1   -38.9
   -85.0   -38.9
   -84.9   -38.9
   -84.8   -38.9
   -84.7   -38.9
   -84.6   -38.9
   -84.5   -38.9
   -84.4   -38.9
   -84.3   -38.9
   -84.2   -38.9
   -84.1   -38.9
   -84.0   -38.9
   -83.9   -38.9
   -83.8   -38.9
   -83.7   -38.9
   -83.6   -38.9
   -83.5   -38.9
   -83.4   -38.9
   -83.3   -39.0
   -83.2   -39.0
   -83.1   -39.0
   -83.0   -39.0
   -82.9   -39.0
   -82.8   -39.0
   -82.7   -39.0
   -82.6   -39.1
   -82.5   -39.2
   -82.4   -39.2
   -82.3   -39.2
   -82.2   -39.2
   -82.1   -39.2
   -82.0   -39.2
   -81.9   -39.2
   -81.8   -39.3
   -81.7   -39.4
   -81.6   -39.4
   -81.5   -39.4
   -81.4   -39.4
   -81.3   -39.4
   -81.2   -39.5
   -81.1   -39.5
   -81.0   -39.6
   -80.9   -39.6
   -80.8   -39.6
   -80.7   -39.7
   -80.6   -39.8
   -80.5   -39.8
   -80.4   -39.8
   -80.3   -39.8
   -80.2   -39.9
   -80.1   -39.9
   -80.0   -39.9
   -79.9   -39.9
   -79.8   -40.0
   -79.7   -40.0
   -79.6   -40.0
   -79.5   -40.0
   -79.4   -40.0
   -79.3   -40.0
   -79.2   -40.0
   -79.1   -40.0
   -79.0   -40.0
   -78.9   -40.0
   -78.8   -40.0
   -78.7   -40.0
   -78.6   -40.0
   -78.5   -40.0
   -78.4   -40.0
   -78.3   -40.0
   -78.2   -40.0
   -78.1   -40.0
   -78.0   -40.0
   -77.9   -40.0
   -77.8   -40.0
   -77.7   -40.0
   -77.6   -40.0
   -77.5   -39.9
   -77.4   -39.9
   -77.3   -39.9
   -77.2   -39.9
   -77.1   -39.9
   -77.0   -39.9
   -76.9   -39.9
   -76.8   -39.9
   -76.7   -39.9
   -76.6   -39.8
   -76.5   -39.7
   -76.4   -39.5
   -76.3   -39.5
   -76.2   -39.5
   -76.1   -39.5
   -76.0   -39.5
   -75.9   -39.4
   -75.8   -39.4
   -75.7   -39.4
   -75.6   -39.3
   -75.5   -39.3
   -75.4   -39.2
   -75.3   -39.2
   -75.2   -39.2
   -75.1   -39.1
   -75.0   -39.1
   -74.9   -39.1
   -74.8   -39.1
   -74.7   -39.1
   -74.6   -39.1
   -74.5   -39.1
   -74.4   -39.1
   -74.3   -39.1
   -74.2   -39.1
   -74.1   -39.1
   -74.0   -39.1
   -73.9   -39.1
   -73.8   -39.1
   -73.7   -39.1
   -73.6   -39.1
   -73.5   -39.1
   -73.4   -39.1
   -73.3   -39.1
   -73.2   -39.1
   -73.1   -39.1
   -73.0   -39.1
   -54.7   -39.1
   -54.6   -39.1
   -54.5   -39.1
   -54.5   -39.1
   -54.4   -42.5
   -54.2   -42.6
   -54.1   -42.8
   -54.0   -42.8
   -54.0   -42.9
   -53.9   -43.0
   -53.7   -43.0
   -53.6   -43.0
   -53.5   -43.0
   -53.5   -43.4
   -53.4   -43.4
   -53.2   -43.4
   -53.1   -43.4
   -53.0   -43.4
   -53.0   -43.4
   -52.9   -43.4
   -52.7   -43.4
   -52.6   -43.4
   -52.5   -43.4
   -52.5   -43.4
   -52.4   -43.4
   -52.2   -43.4
   -52.1   -43.4
   -52.0   -43.4
   -52.0   -43.4
   -51.8   -43.4
   -51.8   -43.4
   -51.6   -43.4
   -51.5   -43.4
   -51.5   -43.4
   -51.3   -43.4
   -51.3   -43.4
   -51.1   -43.4
   -51.0   -43.4
   -51.0   -43.4
   -50.8   -43.4
   -50.8   -43.3
   -50.6   -43.3
   -50.5   -43.3
   -50.5   -43.1
   -50.3   -43.1
   -50.3   -43.1
   -50.1   -43.1
   -50.0   -43.0
   -50.0   -43.0
   -49.8   -43.0
   -49.8   -43.0
   -49.6   -42.9
   -49.5   -42.9
   -49.5   -42.9
   -49.3   -42.9
   -49.3   -42.8
   -49.1   -42.8
   -49.0   -42.8
   -49.0   -42.7
   -48.8   -42.7
   -48.8   -42.6
   -48.6   -42.6
   -48.5   -42.6
   -48.5   -42.6
   -48.3   -42.6
   -48.3   -42.6
   -48.1   -42.5
   -48.0   -42.5
   -48.0   -42.3
   -47.8   -42.2
   -47.8   -41.9
   -47.6   -41.9
   -47.5   -41.9
   -47.5   -41.9
   -47.3   -41.9
   -47.3   -41.7
   -47.1   -41.5
   -47.0   -41.5
   -47.0   -41.5
   -46.8   -41.5
   -46.8   -41.5
   -46.6   -41.5
   -46.5   -41.5
   -46.5   -41.5
   -46.3   -41.5
   -46.3   -41.5
   -46.1   -41.5
   -46.0   -41.5
   -46.0   -41.5
   -45.8   -41.5
   -45.8   -41.5
   -45.6   -41.5
   -45.5   -41.5
   -45.5   -41.5
   -45.3   -41.5
   -45.3   -41.5
   -45.1   -41.5
   -45.0   -41.5
   -45.0   -41.5
   -44.8   -41.5
   -44.8   -41.5
   -44.6   -41.5
   -44.5   -41.5
   -44.5   -41.5
   -44.3   -41.5
   -44.3   -41.5
   -44.1   -41.5
   -44.0   -41.5
   -44.0   -41.5
   -43.8   -41.5
   -43.8   -41.5
   -43.6   -41.5
   -43.5   -41.5
   -43.5   -41.5
   -43.3   -41.5
   -43.3   -41.5
   -43.1   -41.5
   -43.0   -41.5
   -43.0   -41.6
   -42.8   -41.6
   -42.8   -41.6
   -42.6   -41.6
   -42.5   -41.6
   -42.5   -41.6
   -42.3   -41.6
   -42.3   -41.6
   -42.1   -41.6
   -42.0   -41.6
   -42.0   -41.6
   -41.8   -41.6
   -41.8   -41.6
   -41.6   -41.6
   -41.5   -41.6
   -41.5   -41.6
   -41.3   -41.6
   -41.3   -41.6
   -41.1   -41.6
   -41.0   -41.6
   -41.0   -41.6
   -40.8   -41.6
   -40.8   -41.6
   -40.6   -41.6
   -40.5   -41.6
   -40.5   -41.6
   -40.3   -41.6
   -40.3   -41.6
   -40.1   -41.5
   -40.0   -41.5
   -40.0   -41.5
   -39.8   -41.5
   -39.8   -41.5
   -39.6   -41.5
   -39.5   -41.5
   -39.5   -41.5
   -39.3   -41.5
   -39.3   -41.5
   -39.1   -41.5
   -39.0   -41.5
   -39.0   -41.5
   -38.8   -41.5
   -38.8   -41.5
   -38.6   -41.5
   -38.5   -41.5
   -38.5   -41.5
   -38.3   -41.5
   -38.3   -41.5
   -38.1   -41.5
   -38.0   -41.5
   -38.0   -41.5
   -37.8   -41.5
   -37.8   -41.5
   -37.6   -41.5
   -37.5   -41.5
   -37.5   -41.5
   -37.3   -41.5
   -37.3   -41.5
   -37.1   -41.5
   -37.0   -41.5
   -37.0   -41.5
   -36.8   -41.6
   -36.8   -41.6
   -36.6   -41.5
   -36.5   -41.5
   -36.5   -41.5
   -36.3   -41.5
   -36.3   -41.5
   -36.1   -41.5
   -36.0   -41.5
   -36.0   -41.5
   -35.8   -41.5
   -35.8   -41.5
   -35.6   -41.5
   -35.5   -41.5
   -35.5   -41.5
   -35.3   -41.5
   -35.3   -41.5
   -35.1   -41.5
   -35.0   -41.5
   -35.0   -41.5
   -34.8   -41.5
   -34.8   -41.5
   -34.6   -41.5
   -34.5   -41.5
   -34.5   -41.5
   -34.3   -41.5
   -34.3   -41.5
   -34.1   -41.3
   -34.0   -41.3
   -34.0   -41.3
   -33.8   -41.3
   -33.8   -41.3
   -33.6   -41.3
   -33.5   -41.3
   -33.5   -41.3
   -33.3   -41.3
   -33.3   -41.3
   -33.1   -41.3
   -33.0   -41.3
   -33.0   -41.3
   -32.8   -41.3
   -32.8   -41.3
   -32.6   -41.3
   -32.5   -41.3
   -32.5   -41.3
   -32.3   -41.3
   -32.3   -41.3
   -32.1   -41.2
   -32.0   -41.2
   -32.0   -41.1
   -31.8   -41.1
   -31.8   -41.0
   -31.6   -41.0
   -31.5   -41.0
   -31.5   -40.9
   -31.3   -40.9
   -31.3   -40.9
   -31.1   -40.9
   -31.0   -40.8
   -31.0   -40.8
   -30.8   -40.9
   -30.8   -40.9
   -30.6   -40.9
   -30.5   -40.9
   -30.5   -41.0
   -30.3   -41.0
   -30.3   -41.0
   -30.1   -41.0
   -30.0   -41.0
   -30.0   -41.0
   -29.8   -41.0
   -29.8   -41.0
   -29.6   -41.0
   -29.5   -41.1
   -29.5   -41.1
   -29.3   -41.1
   -29.3   -41.1
   -29.1   -41.1
   -29.0   -41.2
   -29.0   -41.1
   -28.8   -41.1
   -28.8   -41.1
   -28.6   -41.1
   -28.5   -41.1
   -28.5   -41.0
   -28.3   -41.0
   -28.3   -41.0
   -28.1   -41.0
   -28.0   -41.0
   -28.0   -41.0
   -27.8   -41.0
   -27.8   -41.0
   -27.6   -41.0
   -27.5   -41.0
   -27.5   -40.9
   -27.3   -40.9
   -27.3   -40.9
   -27.1   -40.9
   -27.0   -40.9
   -27.0   -40.9
   -26.8   -40.8
   -26.8   -40.8
   -26.6   -40.9
   -26.5   -40.9
   -26.5   -40.9
   -26.3   -40.9
   -26.3   -40.9
   -26.1   -41.0
   -26.0   -41.0
   -26.0   -41.0
   -25.8   -41.0
   -25.8   -41.0
   -25.6   -41.0
   -25.5   -41.0
   -25.5   -41.0
   -25.3   -41.0
   -25.3   -41.0
   -25.1   -40.9
   -25.0   -40.9
   -25.0   -40.9
   -24.8   -40.9
   -24.8   -40.9
   -24.6   -40.8
   -24.5   -40.8
   -24.5   -40.8
   -24.3   -40.8
   -24.3   -40.7
   -24.1   -40.7
   -24.0   -40.6
   -24.0   -40.5
   -23.8   -40.4
   -23.8   -40.4
   -23.6   -40.3
   -23.5   -40.2
   -23.5   -40.2
   -23.3   -40.2
   -23.3   -40.2
   -23.1   -40.1
   -23.0   -40.1
   -23.0   -40.1
   -22.8   -40.1
   -22.8   -40.1
   -22.6   -40.1
   -22.5   -40.1
   -22.5   -40.0
   -22.3   -40.0
   -22.3   -40.0
   -22.1   -40.0
   -22.0   -40.0
   -22.0   -40.0
   -21.8   -40.0
   -21.8   -40.0
   -21.6   -40.0
   -21.5   -40.0
   -21.5   -40.0
   -21.3   -40.0
   -21.3   -40.0
   -21.1   -40.0
   -21.0   -40.0
   -21.0   -40.0
   -20.8   -40.0
   -20.8   -40.0
   -20.6   -40.0
   -20.5   -40.0
   -20.5   -40.0
   -20.3   -40.0
   -20.3   -40.0
   -20.1   -40.0
   -20.0   -40.0
   -20.0   -40.0
   -19.8   -40.0
   -19.8   -40.0
   -19.6   -39.9
   -19.5   -40.0
   -19.5   -40.0
   -19.3   -40.0
   -19.3   -40.0
   -19.1   -40.0
   -19.0   -40.0
   -19.0   -40.0
   -18.8   -40.0
   -18.8   -40.0
   -18.6   -40.0
   -18.5   -40.0
   -18.5   -39.9
   -18.3   -39.9
   -18.3   -39.9
   -18.1   -39.9
   -18.0   -39.9
   -18.0   -39.9
   -17.8   -39.9
   -17.8   -39.8
   -17.6   -39.8
   -17.5   -39.8
   -17.5   -39.8
   -17.3   -39.8
   -17.3   -39.8
   -17.1   -39.8
   -17.0   -39.8
   -17.0   -39.7
   -16.8   -39.7
   -16.8   -39.7
   -16.6   -39.7
   -16.5   -39.7
   -16.5   -39.7
   -16.3   -39.7
   -16.3   -39.6
   -16.1   -39.6
   -16.0   -39.6
   -15.9   -39.6
   -15.8   -39.6
   -15.8   -39.5
   -15.6   -39.5
   -15.5   -39.5
   -15.4   -39.5
   -15.3   -39.5
   -15.3   -39.5
   -15.1   -39.5
   -15.0   -39.5
   -14.9   -39.5
   -14.8   -39.4
   -14.8   -39.4
   -14.6   -39.4
   -14.5   -39.4
   -14.4   -39.4
   -14.3   -39.3
   -14.3   -39.3
   -14.1   -39.3
   -14.0   -39.3
   -13.9   -39.3
   -13.8   -39.3
   -13.8   -39.3
   -13.6   -39.3
   -13.5   -39.3
   -13.4   -39.2
   -13.3   -39.2
   -13.3   -39.2
   -13.1   -39.2
   -13.0   -39.2
   -12.9   -39.2
   -12.8   -39.2
   -12.8   -39.2
   -12.6   -39.1
   -12.5   -39.1
   -12.4   -39.1
   -12.3   -39.1
   -12.3   -39.1
   -12.1   -39.1
   -12.0   -39.1
   -11.9   -39.1
   -11.8   -39.1
   -11.8   -39.0
   -11.6   -39.0
   -11.5   -39.0
   -11.4   -39.0
   -11.3   -39.0
   -11.3   -39.0
   -11.1   -39.0
   -11.0   -39.0
   -10.9   -39.0
   -10.8   -39.0
   -10.8   -39.0
   -10.6   -39.0
   -10.5   -38.8
   -10.4   -38.6
   -10.3   -38.5
   -10.3   -38.5
   -10.1   -38.5
   -10.0   -38.4
    -9.9   -38.4
    -9.8   -38.3
    -9.8   -38.3
    -9.6   -38.3
    -9.5   -38.3
    -9.4   -38.3
    -9.3   -38.3
    -9.3   -38.3
    -9.1   -38.3
    -9.0   -38.3
    -8.9   -38.3
    -8.8   -38.3
    -8.8   -38.3
    -8.6   -38.3
    -8.5   -38.3
    -8.4   -38.3
    -8.3   -38.3
    -8.3   -38.3
    -8.1   -38.2
    -8.0   -38.2
    -7.9   -38.2
    -7.8   -38.2
    -7.8   -38.2
    -7.6   -38.2
    -7.5   -38.2
    -7.4   -38.2
    -7.3   -38.2
    -7.3   -38.2
    -7.1   -38.2
    -7.0   -38.2
    -6.9   -38.1
    -6.8   -38.1
    -6.8   -38.1
    -6.6   -38.1
    -6.5   -38.1
    -6.4   -38.1
    -6.3   -38.1
    -6.3   -38.1
    -6.1   -38.2
    -6.0   -38.2
    -5.9   -38.2
    -5.8   -38.2
    -5.8   -38.2
    -5.6   -38.2
    -5.5   -38.2
    -5.4   -38.2
    -5.3   -38.2
    -5.3   -38.2
    -5.1   -38.2
    -5.0   -38.2
    -4.9   -38.2
    -4.8   -38.2
    -4.8   -38.2
    -4.6   -38.2
    -4.5   -38.2
    -4.4   -38.2
    -4.3   -38.2
    -4.3   -38.2
    -4.1   -38.2
    -4.0   -38.2
    -4.0   -38.2
    -3.8   -38.2
    -3.8   -38.2
    -3.6   -38.2
    -3.5   -38.2
    -3.5   -38.2
    -3.3   -38.2
    -3.3   -38.2
    -3.1   -38.3
    -3.0   -38.3
    -3.0   -38.3
    -2.8   -38.3
    -2.8   -38.3
    -2.6   -38.3
    -2.5   -38.3
    -2.5   -38.3
    -2.3   -38.3
    -2.3   -38.4
    -2.1   -38.4
    -2.0   -38.4
    -2.0   -38.5
    -1.8   -38.5
    -1.8   -38.5
    -1.6   -38.5
    -1.5   -38.5
    -1.5   -38.5
    -1.3   -38.5
    -1.3   -38.5
    -1.1   -38.5
    -1.0   -38.6
    -0.9   -38.6
    -0.8   -38.6
    -0.8   -38.6
    -0.6   -38.6
    -0.5   -38.6
    -0.4   -38.6
    -0.3   -38.6
    -0.3   -38.6
    -0.1   -38.6
    -0.0   -38.6
     0.1   -38.6
     0.2   -38.6
     0.2   -38.6
     0.4   -38.6
     0.5   -38.6
     0.6   -38.6
     0.7   -38.6
     0.7   -38.6
     0.9   -38.6
     1.0   -38.6
     1.0   -38.6
     1.2   -38.6
     1.2   -38.6
     1.4   -38.6
     1.5   -38.6
     1.5   -38.6
     1.7   -38.6
     1.7   -38.6
     1.9   -38.6
     2.0   -38.6
     2.0   -38.6
     2.2   -38.5
     2.2   -38.5
     2.4   -38.5
     2.5   -38.5
     2.5   -38.4
     2.7   -38.4
     2.7   -38.3
     2.9   -38.3
     3.0   -38.3
     3.0   -38.3
     3.2   -38.3
     3.2   -38.3
     3.4   -38.3
     3.5   -38.3
     3.5   -38.3
     3.7   -38.3
     3.7   -38.3
     3.9   -38.3
     4.0   -38.3
     4.1   -38.3
     4.2   -38.3
     4.2   -38.3
     4.4   -38.3
     4.5   -38.3
     4.6   -38.3
     4.7   -38.3
     4.7   -38.3
     4.9   -38.3
     5.0   -38.3
     5.1   -38.3
     5.2   -38.3
     5.2   -38.3
     5.4   -38.3
     5.5   -38.3
     5.6   -38.3
     5.7   -38.3
     5.7   -38.3
     5.9   -38.4
     6.0   -38.4
     6.1   -38.4
     6.2   -38.4
     6.2   -38.4
     6.4   -38.4
     6.5   -38.4
     6.6   -38.4
     6.7   -38.4
     6.7   -38.4
     6.9   -38.4
     7.0   -38.4
     7.1   -38.4
     7.2   -38.4
     7.2   -38.4
     7.4   -38.5
     7.5   -38.5
     7.6   -38.5
     7.7   -38.5
     7.7   -38.5
     7.9   -38.5
     8.0   -38.5
     8.1   -38.5
     8.2   -38.5
     8.2   -38.5
     8.4   -38.5
     8.5   -38.5
     8.6   -38.5
     8.7   -38.6
     8.7   -38.8
     8.9   -39.0
     9.0   -39.2
     9.1   -39.3
     9.2   -39.5
     9.2   -39.5
     9.4   -39.5
     9.5   -39.5
     9.6   -39.5
     9.7   -39.5
     9.7   -39.5
     9.9   -39.5
    10.0   -39.5
    10.1   -39.5
    10.2   -39.6
    10.2   -39.6
    10.4   -39.6
    10.5   -39.6
    10.6   -39.7
    10.7   -39.8
    10.7   -39.9
    10.9   -40.0
    11.0   -40.0
    11.1   -40.0
    11.2   -40.0
    11.2   -40.2
    11.4   -40.2
    11.5   -40.3
    11.6   -40.4
    11.7   -40.5
    11.7   -40.5
    11.9   -41.0
    12.0   -41.1
    12.1   -41.3
    12.2   -41.3
    12.2   -41.4
    12.4   -41.4
    12.5   -41.5
    12.6   -41.5
    12.7   -41.5
    12.7   -41.5
    12.9   -41.5
    13.0   -41.5
    13.1   -41.6
    13.2   -41.7
    13.2   -41.7
    13.4   -41.8
    13.5   -41.8
    13.6   -41.8
    13.7   -41.9
    13.7   -41.9
    13.9   -41.9
    14.0   -41.9
    14.1   -41.9
    14.2   -41.9
    14.2   -41.9
    14.4   -41.9
    14.5   -41.9
    14.6   -41.9
    14.7   -41.9
    14.7   -41.9
    14.9   -41.9
    15.0   -41.9
    15.1   -41.9
    15.2   -41.9
    15.2   -41.9
    15.4   -41.9
    15.5   -41.9
    15.6   -41.9
    15.7   -41.9
    15.7   -41.9
    15.9   -41.9
    16.0   -41.9
    16.0   -41.8
    16.2   -41.8
    16.2   -41.8
    16.4   -41.8
    16.5   -41.8
    16.5   -41.8
    16.7   -41.8
    16.7   -41.8
    16.9   -41.8
    17.0   -41.8
    17.0   -41.7
    17.2   -41.7
    17.2   -41.7
    17.4   -41.7
    17.5   -41.7
    17.5   -41.7
    17.7   -41.7
    17.7   -41.7
    17.9   -41.7
    18.0   -41.7
    18.0   -41.7
    18.2   -41.7
    18.2   -41.7
    18.4   -41.7
    18.5   -41.7
    18.5   -41.7
    18.7   -41.7
    18.7   -41.7
    18.9   -41.7
    19.0   -41.7
    19.0   -41.7
    19.2   -41.7
    19.2   -41.7
    19.4   -41.7
    19.5   -41.7
    19.5   -41.8
    19.7   -41.8
    19.7   -41.8
    19.9   -41.8
    20.0   -41.8
    20.0   -41.8
    20.2   -41.9
    20.2   -41.9
    20.4   -41.9
    20.5   -41.9
    20.5   -41.9
    20.7   -42.0
    20.7   -42.0
    20.9   -42.0
    21.0   -42.0
    21.0   -42.0
    21.2   -42.0
    21.2   -42.0
    21.4   -42.0
    21.5   -42.0
    21.5   -42.0
    21.7   -42.0
    21.7   -42.0
    21.9   -42.0
    22.0   -42.0
    22.0   -42.0
    22.2   -42.0
    22.2   -42.0
    22.4   -42.0
    22.5   -42.0
    22.5   -42.0
    22.7   -42.0
    22.7   -42.0
    22.9   -42.0
    23.0   -42.0
    23.0   -42.0
    23.2   -42.0
    23.2   -42.0
    23.4   -42.0
    23.5   -42.0
    23.5   -42.0
    23.7   -42.0
    23.7   -42.0
    23.9   -42.0
    24.0   -42.0
    24.0   -42.0
    24.2   -42.0
    24.2   -42.0
    24.4   -41.9
    24.5   -41.9
    24.5   -41.8
    24.7   -41.8
    24.7   -41.8
    24.9   -41.8
    25.0   -41.6
    25.0   -41.6
    25.2   -41.6
    25.2   -41.6
    25.4   -41.6
    25.5   -41.6
    25.5   -41.6
    25.7   -41.6
    25.7   -41.5
    25.9   -41.5
    26.0   -41.5
    26.0   -41.5
    26.2   -41.5
    26.2   -41.5
    26.4   -41.5
    26.5   -41.5
    26.5   -41.5
    26.7   -41.5
    26.7   -41.4
    26.9   -41.3
    27.0   -41.3
    27.0   -41.2
    27.2   -41.2
    27.2   -41.2
    27.4   -41.2
    27.5   -41.2
    27.5   -41.1
    27.7   -41.1
    27.7   -41.1
    27.9   -41.0
    28.0   -40.8
    28.0   -40.8
    28.2   -40.8
    28.2   -40.8
    28.4   -40.7
    28.5   -40.7
    28.5   -40.7
    28.7   -40.7
    28.7   -40.7
    28.9   -40.7
    29.0   -40.7
    29.0   -40.7
    29.2   -40.7
    29.2   -40.7
    29.4   -40.7
    29.5   -40.7
    29.5   -40.7
    29.7   -40.7
    29.7   -40.7
    29.9   -40.7
    30.0   -40.7
    30.0   -40.7
    30.2   -40.7
    30.2   -40.7
    30.4   -40.7
    30.5   -40.7
    30.5   -40.7
    30.7   -40.7
    30.7   -40.7
    30.9   -40.7
    31.0   -40.7
    31.0   -40.7
    31.2   -40.7
    31.2   -40.7
    31.4   -40.8
    31.5   -40.8
    31.5   -40.8
    31.7   -40.8
    31.7   -40.8
    31.9   -40.8
    32.0   -40.9
    32.0   -40.9
    32.2   -40.9
    32.2   -40.9
    32.4   -41.0
    32.5   -41.0
    32.5   -41.0
    32.7   -41.0
    32.7   -41.0
    32.9   -41.0
    33.0   -41.0
    33.0   -41.0
    33.2   -41.0
    33.2   -41.0
    33.4   -41.0
    33.5   -41.0
    33.5   -41.0
    33.7   -41.0
    33.7   -41.0
    33.9   -41.0
    34.0   -41.0
    34.0   -41.0
    34.2   -41.0
    34.2   -41.0
    34.4   -41.0
    34.5   -41.1
    34.5   -41.1
    34.7   -41.1
    34.7   -41.1
    34.9   -41.1
    35.0   -41.1
    35.0   -41.1
    35.2   -41.1
    35.2   -41.1
    35.4   -41.1
    35.5   -41.1
    35.5   -41.1
    35.7   -41.1
    35.7   -41.1
    35.9   -41.1
    36.0   -41.1
    36.0   -41.1
    36.2   -41.1
    36.2   -41.1
    36.4   -41.1
    36.5   -41.1
    36.5   -41.1
    36.7   -41.2
    36.7   -41.2
    36.9   -41.2
    37.0   -41.2
    37.0   -41.2
    37.2   -41.3
    37.2   -41.3
    37.4   -41.3
    37.5   -41.3
    37.5   -41.3
    37.7   -41.3
    37.7   -41.4
    37.9   -41.4
    38.0   -41.4
    38.0   -41.4
    38.2   -41.3
    38.2   -41.3
    38.4   -41.3
    38.5   -41.3
    38.5   -41.3
    38.7   -41.3
    38.7   -41.2
    38.9   -41.2
    39.0   -41.2
    39.0   -41.2
    39.2   -41.2
    39.2   -41.2
    39.4   -41.2
    39.5   -41.1
    39.5   -41.1
    39.7   -41.1
    39.7   -41.1
    39.9   -41.1
    40.0   -41.1
    40.0   -41.1
    40.2   -41.1
    40.2   -41.1
    40.4   -41.1
    40.5   -41.1
    40.5   -41.1
    40.7   -41.1
    40.7   -41.1
    40.9   -41.1
    41.0   -41.1
    41.0   -41.1
    41.2   -41.1
    41.2   -41.1
    41.4   -41.1
    41.5   -41.1
    41.5   -41.1
    41.7   -41.0
    41.7   -41.0
    41.9   -41.0
    42.0   -41.0
    42.0   -41.0
    42.2   -41.0
    42.2   -41.0
    42.4   -41.0
    42.5   -41.0
    42.5   -41.0
    42.7   -40.9
    42.7   -40.9
    42.9   -40.9
    43.0   -40.9
    43.0   -40.9
    43.2   -40.9
    43.2   -40.9
    43.4   -40.9
    43.5   -40.9
    43.5   -40.9
    43.7   -40.9
    43.7   -40.9
    43.9   -40.9
    44.0   -40.9
    44.0   -40.9
    44.2   -40.9
    44.2   -40.9
    44.4   -40.9
    44.5   -40.9
    44.5   -40.9
    44.7   -40.9
    44.7   -40.9
    44.9   -40.9
    45.0   -40.9
    45.0   -40.9
    45.2   -40.9
    45.2   -40.9
    45.4   -40.9
    45.5   -40.9
    45.5   -41.0
    45.7   -41.0
    45.7   -41.0
    45.9   -41.0
    46.0   -41.0
    46.0   -41.0
    46.2   -41.0
    46.2   -41.0
    46.4   -41.0
    46.5   -41.0
    46.5   -41.0
    46.7   -41.0
    46.7   -41.0
    46.9   -41.0
    47.0   -41.0
    47.0   -41.0
    47.2   -41.0
    47.2   -41.0
    47.4   -41.0
    47.5   -41.0
    47.5   -41.0
    47.7   -41.0
    47.7   -41.0
    47.9   -41.0
    48.0   -41.0
    48.0   -41.0
    48.2   -41.0
    48.2   -41.0
    48.4   -41.0
    48.5   -40.9
    48.5   -40.9
    48.7   -40.9
    48.7   -40.9
    48.9   -40.8
    49.0   -40.8
    49.0   -40.8
    49.2   -40.7
    49.2   -40.7
    49.4   -40.6
    49.5   -40.5
    49.5   -40.5
    49.7   -40.5
    49.7   -40.5
    49.9   -40.5
    50.0   -40.5
    50.0   -40.5
    50.2   -40.5
    50.2   -40.5
    50.4   -40.5
    50.5   -40.5
    50.5   -40.5
    50.7   -40.5
    50.7   -40.5
    50.9   -40.5
    51.0   -40.5
    51.0   -40.5
    51.2   -40.5
    51.2   -40.5
    51.4   -40.5
    51.5   -40.5
    51.5   -40.5
    51.7   -40.5
    51.7   -40.5
    51.9   -40.5
    52.0   -40.5
    52.0   -40.5
    52.2   -40.5
    52.2   -40.5
    52.4   -40.5
    52.5   -40.5
    52.5   -40.5
    52.7   -40.5
    52.7   -40.6
    52.9   -40.6
    53.0   -40.6
    53.0   -40.6
    53.2   -40.6
    53.2   -40.6
    53.4   -40.7
    53.5   -41.0
    53.5   -41.0
    53.7   -41.0
    53.7   -41.0
    53.9   -41.0
    54.0   -41.1
    54.0   -41.2
    54.2   -41.2
    54.2   -41.2
    54.4   -41.3
    54.5   -41.3
    54.5   -41.3
    54.7   -41.3
    54.7   -41.3
    54.9   -41.4
    55.0   -41.4
    55.0   -41.4
    55.2   -41.4
    55.2   -41.4
    55.4   -41.5
    55.5   -41.5
    55.5   -41.5
    55.7   -41.5
    55.7   -41.6
    55.9   -41.6
    56.0   -41.7
    56.0   -41.7
    56.2   -41.8
    56.2   -41.9
    56.4   -41.9
    56.5   -41.9
    56.5   -42.0
    56.7   -42.0
    56.7   -42.0
    56.9   -42.0
    57.0   -42.0
    57.0   -42.0
    57.2   -42.1
    57.2   -42.1
    57.4   -42.1
    57.5   -42.1
    57.5   -42.1
    57.7   -42.2
    57.7   -42.2
    57.9   -42.2
    58.0   -42.2
    58.0   -42.3
    58.2   -42.4
    58.2   -42.4
    58.4   -42.4
    58.5   -42.4
    58.5   -42.4
    58.7   -42.4
    58.7   -42.4
    58.9   -42.5
    59.0   -42.5
    59.0   -42.5
    59.2   -42.5
    59.2   -42.5
    59.4   -42.5
    59.5   -42.5
    59.5   -42.5
    59.7   -42.5
    59.7   -42.6
    59.9   -42.6
    60.0   -42.6
    60.0   -42.6
    60.2   -42.6
    60.2   -42.6
    60.4   -42.6
    60.5   -42.6
    60.5   -42.6
    60.7   -42.6
    60.7   -42.6
    60.9   -42.7
    61.0   -42.7
    61.0   -42.7
    61.2   -42.9
    61.2   -42.9
    61.4   -43.0
    61.5   -43.0
    61.5   -43.0
    61.7   -43.0
    61.7   -43.0
    61.9   -43.0
    62.0   -43.0
    62.0   -43.0
    62.2   -43.0
    62.2   -43.0
    62.4   -43.0
    62.5   -43.0
    62.5   -43.0
    62.7   -43.0
    62.7   -43.0
    62.9   -43.0
    63.0   -43.0
    63.0   -43.0
    63.2   -43.0
    63.2   -42.9
    63.4   -42.9
    63.5   -42.7
    63.5   -42.7
    63.7   -42.7
    63.7   -42.6
    63.9   -42.6
    64.0   -42.5
    64.1   -42.5
    64.2   -42.5
    64.2   -42.5
    64.4   -42.5
    64.5   -42.5
    64.6   -42.5
    64.7   -42.5
    64.8   -42.4
    64.9   -42.4
    65.0   -42.4
    65.1   -42.3
    65.2   -42.3
    65.2   -42.3
    65.4   -42.3
    65.5   -42.3
    65.6   -42.3
    65.7   -42.3
    65.8   -42.2
    65.9   -42.1
    66.0   -41.6
    66.1   -41.6
    66.2   -41.5
    66.2   -41.2
    66.4   -41.1
    66.5   -41.0
    66.6   -41.0
    66.7   -41.0
    66.8   -41.0
    66.9   -41.0
    67.0   -41.0
    67.1   -41.0
    67.2   -40.9
    67.2   -40.9
    67.4   -40.9
    67.5   -40.9
    67.6   -40.9
    67.7   -40.9
    67.8   -40.9
    67.9   -40.8
    68.0   -40.8
    68.1   -40.8
    68.2   -40.8
    68.2   -40.8
    68.4   -40.8
    68.5   -40.8
    68.6   -40.8
    68.7   -40.8
    68.8   -40.8
    68.9   -40.8
    69.0   -40.7
    69.1   -40.7
    69.2   -40.7
    69.2   -40.7
    69.4   -40.7
    69.5   -40.7
    69.6   -40.7
    69.7   -40.7
    69.8   -40.7
    69.9   -40.7
    70.0   -40.7
    70.1   -40.7
    70.2   -40.7
    70.2   -40.7
    70.4   -40.7
    70.5   -40.6
    70.6   -40.5
    70.7   -40.5
    70.8   -40.1
    70.9   -40.0
    71.0   -40.0
    71.1   -39.9
    71.2   -39.9
    71.2   -39.9
    71.4   -39.9
    71.5   -39.9
    71.6   -39.9
    71.7   -39.8
    71.8   -39.8
    71.9   -39.8
    72.0   -39.8
    72.1   -39.8
    72.2   -39.7
    72.2   -39.7
    72.4   -39.7
    72.5   -39.7
    72.6   -39.7
    72.7   -39.7
    72.8   -39.7
    72.9   -39.7
    73.0   -39.7
    73.1   -39.6
    73.2   -39.6
    73.2   -39.6
    73.4   -39.6
    73.5   -39.6
    73.6   -39.6
    73.7   -39.6
    73.8   -39.6
    73.9   -39.6
    74.0   -39.6
    74.1   -39.6
    74.2   -39.6
    74.2   -39.6
    74.4   -39.6
    74.5   -39.5
    74.6   -39.5
    74.7   -39.0
    74.8   -39.0
    74.9   -39.0
    75.0   -39.0
    75.1   -39.0
    75.2   -38.9
    75.2   -38.9
    75.4   -38.8
    75.5   -38.8
    75.6   -38.8
    75.7   -38.8
    75.8   -38.8
    75.9   -38.7
    76.0   -38.7
    76.1   -38.6
    76.2   -38.6
    76.3   -38.6
    76.4   -38.6
    76.4   -38.6
    76.6   -38.5
    76.7   -38.5
    76.8   -38.5
    76.9   -38.5
    76.9   -38.5
    77.1   -38.5
    77.2   -38.5
    77.3   -38.5
    77.4   -38.5
    77.4   -38.5
    77.6   -38.5
    77.7   -38.5
    77.8   -38.5
    77.9   -38.5
    77.9   -38.3
    78.1   -38.3
    78.2   -38.3
    78.3   -38.3
    78.4   -38.3
    78.4   -38.3
    78.6   -38.3
    78.7   -38.3
    78.8   -38.3
    78.9   -38.3
    78.9   -38.3
    79.1   -38.3
    79.2   -38.3
    79.3   -38.3
    79.4   -38.3
    79.4   -38.3
    79.6   -38.3
    79.7   -38.3
    79.8   -38.2
    79.9   -38.2
    79.9   -38.2
    80.1   -38.2
    80.2   -38.2
    80.3   -38.2
    80.4   -38.2
    80.4   -38.2
    80.6   -38.2
    80.7   -38.2
    80.8   -38.2
    80.9   -38.2
    80.9   -38.2
    81.1   -38.2
    81.2   -38.2
    81.3   -38.2
    81.4   -38.2
    81.4   -38.3
    81.6   -38.3
    81.7   -38.3
    81.8   -38.3
    81.9   -38.3
    81.9   -38.3
    82.1   -38.3
    82.2   -38.3
    82.3   -38.3
    82.4   -38.3
    82.4   -38.3
    82.6   -38.3
    82.7   -38.3
    82.8   -38.3
    82.9   -38.3
    82.9   -38.3
    83.1   -38.3
    83.2   -38.3
    83.3   -38.3
    83.4   -38.3
    83.4   -38.2
    83.6   -38.2
    83.7   -38.2
    83.8   -38.2
    83.9   -38.2
    83.9   -38.1
    84.1   -38.1
    84.2   -38.1
    84.3   -38.1
    84.4   -38.1
    84.4   -38.0
    84.6   -38.0
    84.7   -38.0
    84.8   -38.0
    84.9   -38.0
    84.9   -38.0
    85.1   -38.0
    85.2   -38.0
    85.3   -38.0
    85.4   -38.0
    85.4   -38.0
    85.6   -38.0
    85.7   -38.0
    85.8   -37.9
    85.9   -37.9
    85.9   -37.9
    86.1   -37.9
    86.2   -37.9
    86.3   -37.9
    86.4   -37.9
    86.4   -37.9
    86.6   -37.9
    86.7   -37.9
    86.8   -37.9
    86.9   -37.9
    86.9   -37.9
    87.1   -37.9
    87.2   -37.9
    87.3   -37.9
    87.4   -37.9
    87.4   -37.8
    87.6   -37.8
    87.7   -37.9
    87.8   -37.9
    87.9   -37.9
    87.9   -37.9
    88.1   -37.9
    88.2   -37.9
    88.3   -38.0
    88.4   -38.0
    88.4   -38.0
    88.6   -37.9
    88.7   -37.9
    88.8   -37.9
    88.9   -37.9
    88.9   -37.9
    89.1   -37.9
    89.2   -37.9
    89.3   -37.9
    89.4   -37.8
    89.4   -37.8
    89.6   -37.8
    89.7   -37.8
    89.8   -37.8
    89.9   -37.8
    89.9   -37.8
    90.1   -37.9
    90.2   -37.9
    90.3   -37.9
    90.4   -37.9
    90.4   -38.0
    90.6   -38.0
    90.7   -38.0
    90.8   -38.0
    90.9   -38.0
    90.9   -38.0
    91.1   -38.0
    91.2   -38.0
    91.3   -38.0
    91.4   -38.0
    91.4   -38.0
    91.6   -38.0
    91.7   -38.0
    91.8   -38.0
    91.9   -38.0
    91.9   -38.0
    92.1   -38.0
    92.2   -38.0
    92.3   -38.0
    92.4   -38.0
    92.4   -38.0
    92.6   -38.0
    92.7   -38.0
    92.8   -38.0
    92.9   -38.0
    92.9   -38.0
    93.1   -38.0
    93.2   -38.0
    93.3   -38.0
    93.4   -38.0
    93.4   -38.0
    93.6   -38.0
    93.7   -38.0
    93.8   -38.0
    93.9   -38.0
    93.9   -38.0
    94.1   -38.0
    94.2   -38.0
    94.3   -38.0
    94.4   -38.0
    94.4   -38.0
    94.6   -38.0
    94.7   -38.0
    94.8   -38.0
    94.9   -38.0
    94.9   -38.0
    95.1   -38.0
    95.2   -38.0
    95.3   -37.9
    95.4   -37.9
    95.4   -37.9
    95.6   -37.9
    95.7   -37.9
    95.8   -37.9
    95.9   -37.9
    95.9   -37.9
    96.1   -37.9
    96.2   -37.9
    96.3   -37.9
    96.4   -37.9
    96.4   -37.9
    96.6   -37.9
    96.7   -37.9
    96.8   -37.9
    96.9   -37.9
    96.9   -37.9
    97.1   -37.9
    97.2   -37.9
    97.3   -37.9
    97.4   -37.9
    97.4   -37.9
    97.6   -37.9
    97.7   -37.9
    97.8   -37.9
    97.9   -37.9
    97.9   -37.9
    98.1   -37.9
    98.2   -37.9
    98.3   -37.9
    98.4   -37.9
    98.4   -37.9
    98.6   -37.9
    98.7   -37.9
    98.8   -37.9
    98.9   -37.9
    98.9   -37.9
    99.1   -38.0
    99.2   -38.0
    99.3   -38.0
    99.4   -38.0
    99.4   -38.0
    99.6   -38.0
    99.7   -38.0
    99.8   -38.0
    99.9   -38.0
    99.9   -38.1
   100.1   -38.1
   100.2   -38.1
   100.3   -38.2
   100.4   -38.2
   100.4   -38.3
   100.6   -38.3
   100.7   -38.3
   100.8   -38.3
   100.9   -38.3
   100.9   -38.3
   101.1   -38.3
   101.2   -38.3
   101.3   -38.3
   101.4   -38.3
   101.4   -38.3
   101.6   -38.3
   101.7   -38.3
   101.8   -38.3
   101.9   -38.3
   101.9   -38.4
   102.1   -38.4
   102.2   -38.4
   102.3   -38.4
   102.4   -38.4
   102.4   -38.4
   102.6   -38.4
   102.7   -38.4
   102.8   -38.4
   102.9   -38.4
   102.9   -38.4
   103.1   -38.4
   103.2   -38.4
   103.3   -38.4
   103.4   -38.4
   103.4   -38.4
   103.6   -38.4
   103.7   -38.4
   103.8   -38.4
   103.9   -38.4
   103.9   -38.4
   104.1   -38.4
   104.2   -38.4
   104.3   -38.4
   104.4   -38.4
   104.4   -38.4
   104.6   -38.4
   104.7   -38.4
   104.8   -38.4
   104.9   -38.4
   104.9   -38.4
   105.1   -38.4
   105.2   -38.4
   105.3   -38.4
   105.4   -38.5
   105.4   -38.5
   105.6   -38.5
   105.7   -38.5
   105.8   -38.5
   105.9   -38.6
   105.9   -38.6
   106.1   -38.6
   106.2   -38.6
   106.3   -38.6
   106.4   -38.6
   106.4   -38.6
   106.6   -38.7
   106.7   -38.7
   106.8   -38.7
   106.9   -38.7
   106.9   -38.7
   107.1   -38.7
   107.2   -38.7
   107.3   -38.7
   107.4   -38.7
   107.4   -38.7
   107.6   -38.8
   107.7   -38.8
   107.8   -38.8
   107.9   -38.9
   107.9   -38.9
   108.1   -38.9
   108.2   -38.9
   108.3   -39.0
   108.4   -39.0
   108.4   -39.0
   108.6   -39.0
   108.7   -39.0
   108.8   -39.0
   108.9   -39.0
   108.9   -39.0
   109.1   -39.0
   109.2   -39.0
   109.3   -39.0
   109.4   -39.1
   109.4   -39.1
   109.6   -39.1
   109.7   -39.1
   109.8   -39.1
   109.9   -39.2
   109.9   -39.2
   110.1   -39.2
   110.2   -39.2
   110.3   -39.2
   110.4   -39.2
   110.4   -39.2
   110.6   -39.2
   110.7   -39.2
   110.8   -39.2
   110.9   -39.3
   110.9   -39.3
   111.1   -39.3
   111.2   -39.3
   111.3   -39.3
   111.4   -39.3
   111.4   -39.3
   111.6   -39.3
   111.7   -39.3
   111.8   -39.3
   111.9   -39.3
   111.9   -39.3
   112.1   -39.3
   112.2   -39.4
   112.3   -39.4
   112.4   -39.4
   112.4   -39.4
   112.6   -39.4
   112.7   -39.4
   112.8   -39.4
   112.9   -39.4
   112.9   -39.4
   113.1   -39.4
   113.2   -39.4
   113.3   -39.4
   113.4   -39.4
   113.4   -39.4
   113.6   -39.4
   113.7   -39.4
   113.8   -39.4
   113.9   -39.5
   113.9   -39.5
   114.1   -39.5
   114.2   -39.5
   114.3   -39.5
   114.4   -39.5
   114.4   -39.5
   114.6   -39.5
   114.7   -39.5
   114.8   -39.5
   114.9   -39.5
   114.9   -39.5
   115.1   -39.5
   115.2   -39.5
   115.3   -39.5
   115.4   -39.5
   115.4   -39.5
   115.6   -39.5
   115.7   -39.5
   115.8   -39.5
   115.9   -39.5
   115.9   -39.5
   116.1   -39.5
   116.2   -39.5
   116.3   -39.5
   116.4   -39.5
   116.4   -39.5
   116.6   -39.6
   116.7   -39.7
   116.8   -39.7
   116.9   -39.7
   116.9   -39.7
   117.1   -39.7
   117.2   -39.7
   117.3   -39.7
   117.4   -39.7
   117.4   -39.7
   117.6   -39.7
   117.7   -39.7
   117.8   -39.7
   117.9   -39.7
   117.9   -39.7
   118.1   -39.7
   118.2   -39.7
   118.3   -39.7
   118.4   -39.7
   118.4   -39.7
   118.6   -39.7
   118.7   -39.7
   118.8   -39.7
   118.9   -39.7
   118.9   -39.7
   119.1   -39.7
   119.2   -39.5
   119.3   -39.5
   119.4   -39.5
   119.4   -39.5
   119.6   -39.5
   119.7   -39.5
   119.8   -39.5
   119.9   -39.5
   119.9   -39.3
   120.1   -39.2
   120.2   -39.2
   120.3   -39.2
   120.4   -39.1
   120.4   -39.1
   120.6   -39.1
   120.7   -39.1
   120.8   -39.1
   120.9   -39.0
   120.9   -39.0
   121.1   -39.0
   121.2   -39.0
   121.3   -39.0
   121.4   -39.0
   121.4   -39.0
   121.6   -39.0
   121.7   -39.0
   121.8   -39.0
   121.9   -39.0
   121.9   -39.0
   122.1   -39.0
   122.2   -39.0
   122.3   -39.0
   122.4   -38.9
   122.4   -38.9
   122.6   -38.9
   122.7   -38.8
   122.8   -38.8
   122.9   -38.8
   122.9   -38.8
   123.1   -38.8
   123.2   -38.8
   123.3   -38.8
   123.4   -38.7
   123.4   -38.7
   123.6   -38.7
   123.7   -38.7
   123.8   -38.7
   123.9   -38.7
   123.9   -38.7
   124.1   -38.7
   124.2   -38.6
   124.3   -38.6
   124.4   -38.5
   124.4   -38.5
   124.6   -38.5
   124.7   -38.5
   124.8   -38.5
   124.9   -38.4
   124.9   -38.2
   125.1   -38.2
   125.2   -38.2
   125.3   -38.2
   125.4   -38.2
   125.4   -38.1
   125.6   -38.1
   125.7   -38.1
   125.8   -38.1
   125.9   -38.1
   125.9   -38.0
   126.1   -38.0
   126.2   -38.0
   126.3   -38.0
   126.4   -38.0
   126.4   -38.0
   126.6   -38.0
   126.7   -38.0
   126.8   -38.0
   126.9   -38.0
   126.9   -38.0
   127.1   -38.0
   127.2   -38.0
   127.3   -38.0
   127.4   -38.0
   127.4   -38.0
   127.6   -38.1
   127.7   -38.1
   127.8   -38.2
   127.9   -38.2
   127.9   -38.2
   128.1   -38.2
   128.2   -38.2
   128.3   -38.2
   128.4   -38.2
   128.4   -38.2
   128.6   -38.2
   128.7   -38.2
   128.8   -38.4
   128.9   -38.4
   128.9   -38.4
   129.1   -38.4
   129.2   -38.5
   129.3   -38.5
   129.4   -38.5
   129.4   -38.5
   129.6   -38.5
   129.7   -38.5
   129.8   -38.5
   129.9   -38.5
   129.9   -38.5
   130.1   -38.5
   130.2   -38.5
   130.3   -38.5
   130.4   -38.5
   130.4   -38.5
   130.6   -38.5
   130.7   -38.5
   130.8   -38.5
   130.9   -38.5
   130.9   -38.6
   131.1   -38.6
   131.2   -38.6
   131.3   -38.6
   131.4   -38.6
   131.4   -38.6
   131.6   -38.6
   131.7   -38.6
   131.8   -38.6
   131.9   -38.7
   131.9   -38.7
   132.1   -38.7
   132.2   -38.7
   132.3   -38.7
   132.4   -38.7
   132.4   -38.7
   132.6   -38.7
   132.7   -38.7
   132.8   -38.7
   132.9   -38.8
   132.9   -38.8
   133.1   -38.8
   133.2   -38.8
   133.3   -38.8
   133.4   -38.8
   133.4   -38.8
   133.6   -38.8
   133.7   -38.8
   133.8   -38.8
   133.9   -38.8
   133.9   -38.8
   134.1   -38.8
   134.2   -38.8
   134.3   -38.8
   134.4   -38.8
   134.4   -38.8
   134.6   -38.8
   134.7   -38.8
   134.8   -38.9
   134.9   -38.9
   134.9   -38.9
   135.1   -38.9
   135.2   -38.9
   135.3   -39.0
   135.4   -39.0
   135.4   -39.0
   135.6   -39.0
   135.7   -39.0
   135.8   -39.0
   135.9   -39.0
   135.9   -39.0
   136.1   -39.0
   136.2   -39.0
   136.3   -39.1
   136.4   -39.2
   136.4   -39.2
   136.6   -39.3
   136.7   -39.3
   136.8   -39.3
   136.9   -39.3
   136.9   -39.4
   137.1   -39.4
   137.2   -39.5
   137.3   -39.6
   137.4   -39.6
   137.4   -39.7
   137.6   -39.7
   137.7   -39.7
   137.8   -39.7
   137.9   -39.8
   137.9   -39.8
   138.1   -39.9
   138.2   -39.9
   138.3   -39.9
   138.4   -40.0
   138.4   -40.0
   138.6   -40.0
   138.7   -40.0
   138.8   -40.1
   138.9   -40.2
   138.9   -40.2
   139.1   -40.2
   139.2   -40.2
   139.3   -40.2
   139.4   -40.2
   139.4   -40.2
   139.6   -40.3
   139.7   -40.3
   139.8   -40.3
   139.9   -40.4
   139.9   -40.4
   140.1   -40.4
   140.2   -40.5
   140.3   -40.5
   140.4   -40.5
   140.4   -40.5
   140.6   -40.5
   140.7   -40.5
   140.8   -40.6
   140.9   -40.6
   140.9   -40.6
   141.1   -40.6
   141.2   -40.6
   141.3   -40.6
   141.4   -40.6
   141.4   -40.6
   141.6   -40.6
   141.7   -40.6
   141.8   -40.6
   141.9   -40.7
   141.9   -40.7
   142.1   -40.7
   142.2   -40.7
   142.3   -40.8
   142.4   -40.9
   142.4   -40.9
   142.6   -40.9
   142.7   -40.9
   142.8   -41.0
   142.9   -41.0
   142.9   -41.0
   143.1   -41.2
   143.2   -41.3
   143.3   -41.6
   143.4   -42.0
   143.4   -42.0
   143.6   -42.1
   143.7   -42.1
   143.8   -42.1
   143.9   -42.2
   143.9   -42.2
   144.1   -42.3
   144.2   -42.4
   144.3   -42.5
   144.4   -42.7
   144.4   -42.7
   144.6   -42.7
   144.7   -42.8
   144.8   -42.8
   144.9   -43.1
   144.9   -43.2
   145.1   -43.2
   145.2   -43.3
   145.3   -43.3
   148.3   -43.3
   148.4   -43.3
   148.4   -43.3
   148.6   -43.3
   148.7   -43.4
   148.8   -43.4
   148.9   -43.4
   148.9   -43.4
   149.1   -43.4
   149.2   -43.5
   149.3   -43.5
   149.4   -43.5
   149.4   -43.5
   149.6   -43.5
   149.7   -43.5
   149.8   -43.5
   149.9   -43.5
   149.9   -43.5
   150.1   -43.5
   150.2   -43.5
   150.3   -43.5
   150.4   -43.5
   150.4   -43.5
   150.6   -43.5
   150.7   -43.5
   150.8   -43.5
   150.9   -43.5
   150.9   -43.5
   151.1   -43.5
   151.2   -43.5
   151.3   -43.5
   151.4   -43.5
   151.4   -43.5
   151.6   -43.5
   151.7   -43.5
   151.8   -43.5
   151.9   -43.5
   151.9   -43.5
   152.1   -43.5
   152.2   -43.5
   152.3   -43.5
   152.4   -43.5
   152.4   -43.5
   152.6   -43.5
   152.7   -43.5
   152.8   -43.5
   152.9   -43.5
   152.9   -43.4
   153.1   -43.3
   153.2   -43.2
   153.3   -43.2
   153.4   -43.2
   153.4   -43.2
   153.6   -43.2
   153.7   -43.2
   153.8   -43.2
   153.9   -43.1
   153.9   -43.1
   154.1   -43.1
   154.2   -43.0
   154.3   -43.0
   154.4   -43.0
   154.4   -43.0
   154.6   -43.0
   154.7   -43.0
   154.8   -42.9
   154.9   -42.9
   154.9   -42.9
   155.1   -42.9
   155.2   -42.9
   155.3   -42.8
   155.4   -42.8
   155.4   -42.8
   155.6   -42.8
   155.7   -42.8
   155.8   -42.8
   155.9   -42.7
   155.9   -42.6
   156.1   -42.6
   156.2   -42.6
   156.3   -42.6
   156.4   -42.5
   156.4   -42.5
   156.6   -42.5
   156.7   -42.5
   156.8   -42.5
   156.9   -42.5
   156.9   -42.5
   157.1   -42.5
   157.2   -42.5
   157.3   -42.5
   157.4   -42.5
   157.4   -42.5
   157.6   -42.5
   157.7   -42.5
   157.8   -42.5
   157.9   -42.5
   157.9   -42.5
   158.1   -42.5
   158.2   -42.5
   158.3   -42.5
   158.4   -42.5
   158.4   -42.5
   158.6   -42.5
   158.7   -42.5
   158.8   -42.4
   158.9   -42.4
   158.9   -42.4
   159.1   -42.3
   159.2   -42.3
   159.3   -42.3
   159.4   -42.3
   159.4   -42.3
   159.6   -42.2
   159.7   -42.2
   159.8   -42.2
   159.9   -42.2
   159.9   -42.2
   160.1   -42.2
   160.2   -42.2
   160.3   -42.2
   160.4   -42.2
   160.4   -42.2
   160.6   -42.2
   160.7   -42.2
   160.8   -42.2
   160.9   -42.2
   160.9   -42.2
   161.1   -42.2
   161.2   -42.2
   161.3   -42.2
   161.4   -42.2
   161.4   -42.2
   161.6   -42.2
   161.7   -42.2
   161.8   -42.2
   161.9   -42.2
   161.9   -42.2
   162.1   -42.2
   162.2   -42.2
   162.3   -42.1
   162.4   -42.1
   162.4   -42.1
   162.6   -42.1
   162.7   -42.0
   162.8   -42.0
   162.9   -42.0
   162.9   -42.0
   163.1   -42.0
   163.2   -42.0
   163.3   -42.0
   163.4   -42.0
   163.4   -42.0
   163.6   -42.0
   163.7   -42.0
   163.8   -42.0
   163.9   -42.0
   163.9   -42.0
   164.1   -42.0
   164.2   -42.0
   164.3   -42.0
   164.4   -42.0
   164.4   -42.0
   164.6   -42.0
   164.7   -42.0
   164.8   -42.0
   164.9   -42.0
   164.9   -42.0
   165.1   -42.0
   165.2   -42.0
   165.3   -42.0
   165.4   -42.0
   165.4   -42.0
   165.6   -42.0
   165.7   -42.0
   165.8   -42.0
   165.9   -42.0
   165.9   -42.0
   166.1   -42.0
   166.2   -42.0
   166.3   -42.0
   166.4   -42.1
   166.4   -42.2
   166.6   -42.2
   166.7   -42.3
   166.8   -42.5
   166.9   -42.6
   166.9   -42.6
   167.1   -42.6
   167.2   -42.6
   167.3   -42.6
   167.4   -42.6
   167.4   -42.6
   167.6   -42.6
   167.7   -42.6
   167.8   -42.6
   167.9   -42.6
   167.9   -42.6
   168.1   -42.6
   168.2   -42.6
   168.3   -42.6
   168.4   -42.6
   168.4   -42.6
   168.6   -42.6
   168.7   -42.6
   168.8   -42.6
   168.9   -42.6
   168.9   -42.6
   169.1   -42.6
   169.2   -42.6
   169.3   -42.6
   169.4   -42.6
   169.4   -42.6
   169.6   -42.6
   169.7   -42.5
   169.8   -42.5
   169.9   -39.3
   169.9   -39.3
   170.1   -39.3
   170.2   -39.2
   170.3   -39.2
   170.4   -39.1
   170.4   -39.1
   170.6   -39.1
   170.7   -39.1
   170.8   -39.1
   170.9   -39.1
   170.9   -39.1
   171.1   -39.0
   171.2   -39.0
   171.3   -38.9
   171.4   -38.8
   171.4   -38.8
   171.6   -38.6
   171.7   -38.6
   171.8   -38.5
   171.9   -38.5
   171.9   -38.5
   172.1   -38.5
   172.2   -38.4
   172.3   -38.4
   172.4   -38.4
   172.4   -38.4
   172.6   -38.4
   172.7   -38.5
   172.8   -38.5
   172.9   -38.5
   172.9   -38.5
   173.1   -38.6
   173.2   -38.6
   173.3   -38.6
   173.4   -38.6
   173.4   -38.6
   173.6   -38.6
   173.7   -38.6
   173.8   -38.6
   174.9   -38.6
   175.1   -38.6
   175.2   -38.6
   175.3   -38.6
   175.4   -38.6
   175.4   -38.6
   175.6   -38.6
   175.7   -38.6
   175.8   -38.6
   175.9   -38.6
   175.9   -38.6
   176.1   -41.5
   176.2   -41.9
   176.3   -41.9
   176.4   -41.9
   176.4   -41.9
   176.6   -41.9
   176.7   -41.9
   176.8   -42.0
   176.9   -42.0
   176.9   -42.0
   177.1   -42.0
   177.2   -42.0
   177.3   -42.0
   177.4   -42.0
   177.4   -42.0
   177.6   -42.6
   177.7   -42.6
   177.8   -42.5
   177.9   -42.4
   177.9   -42.4
   178.1   -42.3
   178.2   -42.0
   178.3   -42.0
   178.4   -41.9
   178.4   -41.9
   178.6   -42.1
   178.7   -41.9
   178.8   -41.8
   178.9   -41.9
   178.9   -41.9
   179.1   -42.0
   179.2   -42.0
   179.3   -42.0
   179.4   -42.0
   179.4   -42.5
   179.6   -41.4
   179.7   -42.4
   179.8   -42.4
   179.9   -42.1
   179.9   -42.0
